46.02402839923799,54.67342835597594,36.55261639998074,17.22984458150196,-5.51093262200639,-13.76474940654193,-3.475192590683607,-10.32130526572881,-39.35750634905649,-16.87625385294621,-22.17289194121934,-3.916545678947892,-3.332608120883592,0.5216669412593968,-8.875928981666494,-12.63123416552183,2.849359403884251,4.656443088010801,13.32196984494971,-38.60026618385319,-23.45225844803782,-6.234703800893037,-5.32599778819713,-23.42026341523312,-30.52374240733798,6.043757237121102,-6.418235874153889,-1.319734778212837,37.76027546678483,25.07755811439419,73.46759683088507,93.05727108926945,87.28576662380378,103.2930105654093,118.6414383414861,110.8877752169988,120.5502561742245,133.1946726678684,125.8683252385207,113.570823462098,129.3525743633176,153.4051263806994,173.2007880827385,148.9663389592151,169.6754214161931,163.587868976169,139.3733197465442,120.1407846999655,131.7591840839265,154.915973233291,138.3733052276701,130.0360394898464,117.6535335284482,91.35725315955921,94.75309238211966,77.00223978123692,52.57983094187798,80.80218185593301,76.42808150635987,81.36949501455766,70.16377093157683,57.53230861171915,65.90369538703781,86.25714260665183,59.40268751713329,61.60415300959303,45.62933258144379,-0.3725934442254598,-5.889926835967734,-15.35004880158823,-9.186633265175733,-49.54819697378039,-63.02818936473709,-62.55270647897776,-84.16625162223023,-92.33000464853843,-115.260152505308,-105.0710260316784,-93.00319785393707,-95.35310351258248
58.78263585213836,67.10098844331918,29.53535128870508,5.06602155312088,-6.760152516166881,-6.3280141739254,18.89933104567555,18.0429509369926,21.9457026744987,33.37580222776113,21.48062300844208,38.43471514821378,22.51461745255389,9.262873502005233,-37.70041647348555,-15.93806397823755,-11.32545659878296,25.57423591978386,36.8292767813422,-3.953136145253666,-18.63752894441603,13.68253736246579,-9.05174762007017,-28.97357101665201,-10.38442279916087,33.41449874325475,17.20760490480946,13.1363833672118,11.53348766085152,-9.055009731949383,16.2621104208156,10.48518710223705,-16.84850562733924,-9.660115192300914,8.37834645788694,12.70386138153689,19.97673829624548,57.21502232800666,43.65145202094113,32.46921601036142,45.08923451397113,43.06288961745435,94.04840087843998,81.32857083369758,92.41114792945523,83.30872303369362,36.31252358287881,9.231152743116251,35.75859554303552,47.02825208043172,42.19387447797816,37.68233512457101,41.57283903525848,8.205498393194295,14.00568519446565,24.60345740427969,45.76739776142758,51.71177392480599,67.15672890321446,20.13643688728822,9.77657232640469,-7.810823800855392,-5.868722694065911,12.08186903491564,-8.276035201073778,-41.70710633582846,-41.06422753712958,-74.28549969023838,-43.37035123142064,-35.76256475053238,-46.22338988157757,-70.25437617863878,-72.67935040822258,-70.90723754035847,-114.8211322593644,-112.9626512850507,-116.9526188658731,-109.8925139235994,-93.05029559390388,-119.8741345590154
18.22935364151274,20.51128192191722,-5.230529204178712,-14.10769061930024,-9.640706869314496,-1.027513172382445,17.62052467370652,22.6096525881881,61.7481303695612,56.13904619579122,45.35924018519914,49.20442414581237,31.95959241174163,14.1573865170979,-35.64966600621734,-13.59182824199574,-26.64572244838758,13.66593340395516,20.90423204721176,24.09554137333735,-14.21448982477827,5.616778457272678,-17.66783549166586,-27.02282926499586,6.05564688261798,21.91581360747096,16.03013041406325,9.930648104254166,-29.71168765041663,-39.90272771643312,-60.13023890171188,-92.13878839722095,-114.9979504101117,-120.4876025944884,-115.5122857095075,-102.3726668825154,-105.4428145018197,-72.63863089252024,-81.3353303104203,-79.19927501773007,-83.40384031296878,-106.9003449571198,-66.51888927396686,-57.64163536096087,-64.37051673461295,-65.33010849016092,-96.21092159810827,-107.3506154154771,-87.04011646862914,-97.59890726920466,-88.00102568410307,-76.79360867122496,-54.30844170714447,-65.30529738579307,-61.76753946077612,-33.74517758813167,13.14334919470393,-8.280437300325715,16.44406656721328,-42.0571431775293,-42.18839309964461,-49.40128967481619,-53.76793333233338,-49.8668763137081,-43.27186038656897,-81.48126764038932,-66.33408004214515,-59.62226710319887,-20.61955097518567,-2.735722074688377,-25.45571725788615,-11.15681833108684,0.1765468164266313,-6.855389916414702,-40.97258359378635,-34.45941404734562,-14.45540642264863,-18.16736168731452,-9.199014562434758,-37.54654707304813
-33.26636180173399,-38.17400029183293,-27.44130652353846,-16.32534821882217,-0.8864570834894621,6.09080318347257,7.058503159983241,8.567957922473157,52.90238595685351,33.19353488686796,33.02739536258201,23.5560496408634,19.49499243284836,13.19019544387246,0.5170700873119305,0.324379885633949,-23.54770626108427,-13.73954690501519,-14.93225367103623,29.43282980430544,-6.41936380161206,-13.41053337437337,-15.8933731451259,-7.427068098679368,18.82892235901483,-6.583863178765852,2.430009060847881,0.9561666113937332,-43.24161929420494,-36.14777518067977,-80.75117083925879,-117.0773188947884,-118.2878341485694,-132.956389546854,-140.357782579545,-127.7691985842316,-137.8196306114787,-138.8686493012693,-136.2221398020626,-117.8903239542326,-138.7792549531819,-164.2436879016784,-168.6489003680826,-150.26741271133,-170.9036278845188,-163.2331442192859,-154.9427676244859,-139.319636859918,-142.6500757825582,-167.897108730959,-150.3005135882892,-131.0069983532036,-107.0608765538483,-83.90504477227481,-81.82229206808201,-60.01034063542562,-27.75027493837441,-62.65590100014915,-49.81173890764417,-72.06683768659649,-60.84335731416207,-51.49866428065799,-58.28377765525948,-68.04734240266231,-38.1114097826986,-48.17623505800842,-32.54844720360138,6.911540603341826,21.68367893687787,35.09049561944891,15.35500886843096,56.29930667641135,73.70731772613235,60.35844674139798,63.7750089830759,66.50141014109374,93.59871798369328,81.50135726140049,77.17705462932281,72.99807806211814
-47.42302898930746,-55.33676589616824,-13.79429071840392,3.905929372812106,20.46516386206644,17.3184532792055,5.723994732626509,-2.67108849979411,8.314374977075905,-14.54976451041493,-1.005239919716858,-14.3776884504934,-3.85112960623019,5.900761558524082,42.71468893811566,23.10334565620344,6.329918103950273,-21.46614654045879,-30.57828111597499,18.74064351219504,13.35687114917029,-11.37405540012469,6.978817084954237,28.74558020248875,29.70381750844816,-16.78281668128306,-1.788530881767411,0.4485295333590519,-12.79052186435521,2.354743218949001,-23.24414158630836,-33.93826733377102,-18.17127172315757,-33.6460922986324,-41.2608253349923,-37.9599995633036,-43.82741175199465,-81.57488824294735,-70.48504421234335,-49.00921239912652,-69.82864043072811,-79.32082773932403,-125.6366197362896,-117.8419814612428,-138.1844737900092,-131.9594775582452,-94.30783223791587,-64.9620191602983,-90.07736043846319,-110.0863691631738,-95.59718666406047,-90.34915685476358,-88.04813597569138,-49.34234398785972,-46.09835356151498,-46.62691354436144,-54.65041017988406,-78.48012751644781,-91.13991075068439,-61.86608629393434,-48.16391314234241,-30.47713132574246,-35.39370702636198,-49.37428898172207,-21.77090231875895,2.798757361743684,6.250380225426896,44.40222414318827,25.91374206529656,24.01749521627504,23.68168592992675,55.84344450618759,65.88935204923708,62.0947903518227,103.4769496819059,100.5116661667354,110.8863094888493,101.2129387383215,88.00888703205264,113.0357219275825
-15.6117312769251,-20.28083287685657,18.26145086343164,25.93013060657146,35.19432642467263,23.97963810717976,11.48710770494334,-0.6080550447142886,-35.51728711992877,-47.33762746111542,-28.67403025464735,-36.2540068413399,-22.30874115897734,-7.015195400286775,52.01797946971845,36.70872593764057,42.49893746831646,2.246711471410771,-9.171443107213324,5.445720783148659,37.90392487720575,17.37744058881189,37.23960491589671,57.65291106870647,30.36829912943735,0.545543815923778,7.830698193913055,7.780864354247116,34.08821783900839,42.63070227558931,59.63550203512379,87.31032892606791,102.2462185629775,95.47274892153052,95.73216511124002,87.888226846781,92.73705977047362,47.67627266336935,57.85439442464898,62.90311213829042,61.94974422431707,72.27358288918478,22.17126683897427,12.81120601445558,8.02651226789154,3.701669472345716,39.45386868402198,56.53090237050829,30.13221673136318,32.34674381489481,34.88421809775625,13.26504754700148,-12.88778545165199,7.067562353897459,10.50768291607013,-9.257435632701272,-47.86058032198409,-42.55736631033366,-73.24462970970288,-19.82389439712732,-14.92295419222957,-4.281291296678966,-5.185176983265166,-13.72892789483955,-13.3843943513634,22.08441464322813,12.65617656827535,18.6709549261576,-13.93165734646426,-29.46547893964326,-6.763361086096128,-11.24725180301184,-17.38153452173558,0.4004243394881487,50.00862099473957,47.65604789157613,31.8916491078078,33.84562006124391,21.24819983642758,54.49705649810708
26.24638300878884,28.16093599800671,30.01031088605932,23.37493570276653,20.87312586933405,12.52585207218501,5.400140549438676,3.837248965549751,-50.03488334731057,-41.5636580206372,-33.48590625729378,-32.74306499855214,-27.63704266538146,-21.47584525494525,13.38290306469863,20.77595166686197,47.86552348245318,29.91516373415256,23.72194510419262,-6.836720043185163,41.80976695811992,40.62953112147961,43.18727537136989,47.81861421505275,9.049787015305149,20.06469965868892,14.17875148838271,9.288135860407582,51.66251197206773,47.84631467950708,89.32743145838346,136.8679024495439,138.9416410670366,146.7796615992615,150.7524528091526,137.8732275294316,147.8111602299422,133.7276248164188,135.0131326228092,116.0846534272337,138.9929957500768,158.8691458086342,146.3820463187349,132.9564860407681,148.7760590459513,136.394451018341,144.360520110253,133.7725585527349,127.99312903723,151.7593233213707,140.9143687024798,106.7696707552543,71.19495983433605,53.18926233855258,52.09546947612369,30.34093868205142,-4.426728748860426,27.39326207514104,3.22613660854878,36.45187412840397,28.78125390554763,23.10878010577066,25.82573963843307,25.95970929710827,-2.492750722549574,12.55765526546434,0.2239910479845876,-27.94742732720816,-46.67483554131891,-63.02570285965044,-32.50140731584612,-69.47405399684054,-87.89575145960488,-57.79748000745375,-38.29317368128525,-33.57228400608441,-62.27702291248418,-49.93402723341471,-54.24182814900444,-41.7586566249536
35.87769435419438,42.13708507027354,3.789359207807406,-7.141735326101654,-21.04550700964664,-17.55214670139567,-20.29048816005453,-4.586528136146453,-32.5842350563811,-7.122303176689265,-19.27680315574359,-14.25783279682391,-20.52848030910816,-28.00627460389796,-45.53182097210791,-22.62294307410113,5.919288786419689,24.27682143678846,27.71453971646018,-21.46426195564417,7.306420893823733,22.86104588616919,7.430106565941288,-6.779440392202646,-29.80780214533534,12.46970617078187,0.7930281353992846,-3.729813034359904,20.38956931932221,11.18455722378518,35.96215623561178,65.6213757357441,58.27150368307343,78.16672124160657,76.65092592162652,67.97931429660264,71.3504866367434,102.04583299126,94.11360469424666,65.28396820163066,94.10317718156422,109.1034772145017,144.1221828514274,143.9375405633353,169.9913444347732,162.1165204039763,140.2918537628355,111.6267759338887,130.8590410581092,157.1598278887477,139.5948474469402,125.1638674014727,110.7281255130919,69.52917616900557,61.06266551922914,53.38085112231228,50.77691444024956,86.23538036283273,90.31481722472991,79.38299624711553,65.83837262479913,48.5769801401942,53.06355519474994,58.80834176434348,25.14832209617909,8.46600553551183,3.466557984033966,-32.85547914784409,-25.1800119961088,-28.61971233186489,-14.64385417330924,-52.09213552064539,-68.1344655470036,-52.94277253192066,-80.29135556860093,-70.83226360139102,-88.48192167273486,-76.4772829039546,-70.56599456114122,-90.26507110415116
6.800439654654063,11.6161961840527,-35.71878597536874,-38.64974198267539,-57.64616560474052,-44.4605205091925,-44.14166232618216,-22.08866197206791,-0.09951444791227114,26.0596676964867,0.848578514969183,5.692168957636719,-4.184238074935382,-16.06062377503709,-72.58718122535656,-59.87798760621415,-53.72311076038277,-17.03655829227977,-6.128019823873561,-33.46554237550342,-47.49146704879926,-30.11791063633203,-47.12258103433324,-69.4964249330659,-57.99100263041917,-19.68072934737736,-25.04189478421161,-21.64416257208751,-32.78719027720483,-36.78218539405024,-52.53982631572453,-67.07937133333331,-72.27672965930871,-52.55935948846156,-60.84952591982333,-59.80473091491512,-67.34397621689918,-16.20926824532496,-26.24342154954414,-39.9102841668202,-30.87461085261972,-28.90361466590761,24.1197373107971,38.57258040953397,55.20737099772911,61.89938124648928,29.47901665600899,8.69568936606937,36.20621152045047,42.85575245038607,29.38623090708974,54.13994348267922,76.00198920353255,48.45172067593553,36.84025679939066,46.37126432502004,74.90083409248,87.26533894324372,119.0125627812479,77.42566157240805,68.78764750922686,54.54663987905616,58.66786558154605,65.34220465374955,54.69720592941359,23.17913047308781,27.28431590365926,12.62062574339529,35.81786519714872,48.6540887344707,32.43236478860955,25.93954333425632,25.96851014094505,6.009192596573583,-48.84441444077386,-45.20544106803328,-37.68950893002127,-36.39822731076379,-24.02637021336971,-59.42957510560503
-27.16893416326268,-27.99691177754608,-44.53207438314508,-37.69322314200316,-50.31832084367561,-39.11733209396699,-33.12878854723075,-25.64223425387478,28.41400623554194,35.83704486500666,18.32600591005459,22.37047878273203,18.29722389618942,14.72844324784674,-36.18964568936473,-50.49503973173517,-74.20983487257081,-51.95975383995992,-41.19019388064034,-26.22997706108574,-74.13736791378655,-67.90659664357845,-70.06071056428797,-84.74767218885538,-44.15492856149592,-40.99280874612753,-35.68223218865913,-24.0612885054401,-58.46861194706999,-54.4383465546546,-94.50800745135851,-144.2866134637845,-141.8818662217512,-137.8537511985598,-143.2431740991081,-134.258433382662,-144.2070254861065,-115.4677083638655,-119.3119057535894,-104.4668128687204,-125.4649345410856,-134.9384444415714,-107.4877509970558,-95.51317432529746,-102.6126249756084,-84.99219705782049,-105.0377532403274,-99.4920603719963,-86.64211648074216,-106.0849227951882,-106.9081628541348,-58.96964482563748,-16.29116128524251,-4.610826661862993,-9.847367116018704,7.41115679947998,40.16083665877949,19.55082045976621,54.44406554064931,18.11769140151486,20.01938547408447,20.93255816997894,22.89865088856716,28.01763706998373,49.14202812552993,31.08675269857884,38.23060264594231,53.81413750566352,71.16360743218854,90.00390609611138,54.12844321309412,82.58419776017867,99.33441984043186,54.44456715841969,13.68731760606725,3.577848991523242,29.24788874405709,19.10094548674001,30.83584122200379,9.919331127618777
-28.37589990535378,-33.68986047248997,-5.323337085710844,1.741161520413921,6.151956974819082,4.974524901546695,18.36732771178556,0.4314499674288032,41.88899038570859,22.81637262356585,30.16441798595004,34.67579539359181,38.73868542451348,46.37782836217313,40.94126711619421,11.07149796538662,-25.20547180966444,-35.5437832584139,-32.58378458442564,9.338605072822206,-37.47589209576086,-43.96743465606666,-30.42349358033651,-28.44758037396752,12.49291585479493,-20.67004954788706,-12.15072065438791,-2.042391131892364,-31.15634731057223,-25.90981674779361,-50.54848108040473,-96.29408793921193,-92.2301024201558,-110.5352718117104,-103.3325320238304,-93.30899614029821,-93.48055185812602,-111.6900081640044,-106.8064220818722,-75.32086922954362,-110.1589000526538,-123.5228484300089,-142.9339364032985,-150.3917342784203,-177.7396626811895,-164.7429356315403,-161.610600787745,-135.616304773305,-146.7233188875953,-176.6479926201216,-163.9319646918603,-134.2946052720663,-105.5198527813704,-64.52455246309042,-56.8232718038535,-44.49335194144607,-35.24138777393403,-73.41511390699144,-64.60294393593895,-68.54946183922959,-59.19597839071599,-43.57507684958847,-44.82147237151995,-41.72028499980475,-6.277805876976234,3.560663918232577,7.402690701958241,36.31718149522179,35.55395921752169,44.38594163636612,17.25066420971806,55.31647864400707,75.02066490796653,42.41494818429985,47.48247088970675,28.76101154831687,51.53258729609038,38.98734691332181,42.85979699852702,54.18096669880052
4.869890190272513,0.5080422234052007,50.00109758278187,47.63377428835737,69.70395194701561,56.71114220533031,70.97725555955159,39.8671215284831,35.56475712355442,2.051482416311561,30.98459412172937,34.43634292670251,41.04248578383793,50.39480041414117,93.64499049090777,78.30851260357886,58.96975986001035,27.54175477245449,20.73558063690501,53.43634605899408,42.41973882354242,31.00801655594033,46.07204544238446,61.29091995682935,70.73613801606183,30.16341681346739,31.13520533410332,28.43812773233129,25.79955586089125,24.55625264929704,39.59283679349482,35.77156939189783,32.74196430223557,2.780308463426724,19.46061451186537,24.03635913002156,35.26945103032967,-14.5621102451509,-5.928120128268753,14.71819866957547,-3.942008785986662,-13.64007761642405,-62.32691191448269,-85.58620850837163,-112.5507696897,-117.6025348329498,-96.52226395543123,-74.33012739736769,-98.0612132077689,-113.3123020655267,-94.84535337281611,-113.6638307402196,-123.5903172983271,-90.43311872951357,-73.40864207937096,-72.62347771029245,-91.91473088126493,-118.4636331824603,-144.8284888252251,-118.1402451634224,-108.8834004237042,-91.16770114003926,-95.4048341223295,-95.12740805935422,-73.66639535199702,-46.57124771563338,-46.91294211017867,-29.48287107590465,-43.18495226172647,-52.78856220737332,-47.90105147040252,-31.66859118007273,-25.74693176613831,-13.51870954855946,34.15960765068333,23.20327662106584,25.9166993268931,21.1508605864749,13.5750770552266,47.29988566606571
35.98703997145463,37.18837226856431,66.70262572764234,56.12512133279813,82.1002895178172,68.33105143734686,70.37091163388756,52.98888915671775,8.595520293919108,-14.50909234985472,12.39010157474258,9.89245812453318,12.07851339051492,11.8457972323305,68.55543889451405,86.34604745170395,101.0657063076574,77.6771577555733,66.39857314759767,64.39110469170636,97.28142786067312,89.47820490103881,91.60575306234006,108.7274133803324,77.27807891396567,62.95135007705514,54.53664033981703,38.28558999204912,60.76238244907125,53.59593708862525,93.68078869846502,136.040749228407,126.2316941724333,107.6239262601388,118.2709139802254,115.5638006588504,126.1308149673403,86.82901139053716,91.48289214850722,83.05246086225945,98.13269222798846,96.13376527706775,58.4857111445184,42.94875387235833,38.81975298815047,17.86125910583489,42.38663793440265,40.97199576057981,25.19132649970496,38.04652387035161,50.33787607321772,-5.517590061010734,-47.3922253708517,-52.40146844782888,-38.60417796462786,-47.58250795912571,-75.79506137365929,-70.63865621709044,-112.072494617724,-79.70631192641011,-75.85575296483911,-70.51904167274532,-75.82868026517497,-80.10401655731674,-88.62788558209266,-68.71749355654403,-70.08131258440211,-75.28002127525311,-87.49255717639394,-108.4652403292628,-73.9687864206531,-90.57885937879664,-103.5282081202357,-50.86372739417155,3.382962347897378,13.32819369524318,-4.293713569572408,1.285573406128134,-14.46082443698399,13.08869888701626
28.29425453298869,34.31659541378521,20.41168394181458,12.9328712310955,22.34234900043933,19.40955439192062,2.104893933661255,15.95940020188194,-30.81631173021952,-24.62248877172964,-24.24306387900521,-35.33732880105335,-39.12072436305724,-49.48613471900036,-23.76385936921929,13.66054245944567,51.52554236282411,55.99095185258627,48.64731590278894,17.52490656642643,69.98891423009958,68.94145585728076,57.09956843425574,65.97600300040119,16.43516899515945,38.35777010484939,30.40172752026158,13.45818557968578,41.30830593915315,36.64292568793147,62.83882964800808,117.3491469299768,111.3838552206858,121.6980957586461,113.3668700731709,106.2753864044646,103.0776616939508,106.8454295695639,103.9908371150919,74.43807619757892,111.8034083731513,117.6555362486082,120.2388654060282,132.4391774465961,156.5445325477358,137.0993302779451,150.8058348330558,128.3954767387774,131.9824245738754,162.7817531046058,160.593700149506,114.2937785914066,73.78855695690008,35.3926755175001,34.18290609202592,21.94249559870801,9.861643731633388,41.9256202586918,19.15033224807961,32.03369823093385,30.06028870610757,18.3362829461359,15.06953217144033,6.171941923472428,-24.50977189773825,-28.03450673706308,-28.58049165840875,-47.3353303108829,-48.84184622276132,-63.49256030950153,-26.99303240334388,-60.07652794731322,-80.71615737467441,-30.00033188909825,-10.2854942557052,16.27344341010971,-6.857226704080007,3.112831467037258,-10.85891887760467,-12.15897305813649
-14.88598992624271,-9.782022094616849,-53.95482068897324,-48.74434868968409,-66.59496496527768,-56.53470547632612,-83.3429909293734,-47.67252425931371,-60.23721746237043,-27.84444256429691,-56.68707834904918,-70.87508191495095,-76.04557573322147,-85.1988338503582,-108.6038744812113,-86.39500298422003,-56.39869349117312,-30.47626954811405,-28.92687050830784,-60.01969518214713,-26.07582404591357,-22.08417789108075,-35.72674366197002,-38.30165228024501,-67.33206223138865,-29.84276745398169,-26.15743951199756,-27.9109303988809,-15.45245281194185,-10.74225795569761,-23.88732493495933,-1.596361128224259,5.764070223451751,40.34241992679145,17.33861487826839,10.44811392442655,-5.258428835060612,36.8286953495881,30.02578447176147,6.190894070294872,34.19450045184932,45.00213426584238,83.17105810280901,116.573783766738,150.8542206450782,150.767895896115,146.2784756989518,124.4288961197795,141.1547917762224,164.2169600456142,148.7604019707667,153.7527904506373,147.0511236928295,110.7895389897351,93.79505696961007,84.86451311558402,97.38256533536065,130.9717504132593,146.1882166822657,133.5601883193907,127.9590894551162,108.0319195368072,109.3911364834299,100.1851731984554,71.08901245123157,49.0049913960405,47.60999840668207,32.98610561210887,39.54471941266182,44.83463064845623,53.13525626098725,30.89159258825892,20.19577560552582,23.60326474206203,-5.842661845320643,16.310893078984,4.570635940763343,11.09101236558759,9.82333770610707,-18.23281873560671
-50.19556463653014,-51.56062693746912,-88.92899131169703,-73.82469442026533,-108.1279034474495,-93.70364464817375,-107.8310467974673,-80.18996433094563,-52.49928457605876,-18.24292625141568,-52.68028085356271,-58.03793506710243,-59.00780806424729,-55.58579913621762,-107.0576629686921,-123.2196095533194,-126.2387363312099,-103.7508268391575,-95.41713002231016,-100.8149135333035,-109.0021508071557,-102.8311402319651,-105.5387804498391,-116.4463113557961,-101.5794174683833,-80.55133648316952,-65.87209415969396,-48.70547794838097,-58.16338192427609,-46.91703986462402,-87.07001027176261,-114.6173007874561,-97.51564284278379,-65.13079891894952,-82.84795925509715,-86.25153905665678,-98.26072367037676,-54.67602747506212,-58.52832655686245,-55.87331949890459,-61.77812063055218,-51.20555171199332,-9.802056510744077,14.12773318828336,30.32221870505559,51.35711737462709,31.08575238800024,29.50379063948866,43.44682704107324,39.09625094381506,20.63737423292638,75.49055468989307,107.6858547270607,106.6063331768242,85.81386428020281,84.45504942495697,107.8499163692603,117.6055420277817,159.0021592585583,135.0581449695275,127.8721736026124,115.2588397725439,121.2157672072876,119.0203706612457,112.2666856854368,91.48157023492527,87.54079270856529,86.86867111463523,92.62478593247515,114.877432000357,87.94493409827781,91.657291636492,99.50643225911692,48.67288816884407,-7.329955805390992,-10.18218892138448,-3.975296526936293,-3.870813577126688,10.83349484137016,-19.8781619410704
-36.92240473784805,-44.68107862201914,-46.12868500048702,-34.70785202483476,-58.73823083828157,-51.51373538971505,-37.73500160509993,-42.426303692407,-0.3387218293072277,8.731517204199736,-0.9611885423847482,10.66353866918219,15.0386385335375,29.66563679474194,-8.563595350337334,-50.97903071871487,-84.4477956845885,-85.03181926306421,-76.85653343138175,-55.96079699911542,-99.0351085743292,-92.9381633325896,-83.32759238196462,-96.8038990607067,-49.78482372277679,-60.9185707101386,-49.3772085485491,-26.77764310504392,-48.22164891444887,-41.02085995537382,-70.24278722375365,-124.0793893436846,-112.6901839927619,-110.3007318241721,-105.1697751462002,-104.019891360378,-97.76275924604732,-88.84192501697856,-86.29962501759771,-61.41219414749588,-96.8864157626434,-92.56185725587385,-80.2203145733841,-92.0960639997846,-108.9676380552964,-84.00877158224007,-108.4333614100503,-89.81163330542435,-88.96359220409889,-117.6305618723238,-126.7548456816413,-67.53634396144338,-22.17723896368357,11.79096595909962,3.167309817903514,10.4805784455694,22.97221935699288,3.25317500087812,37.18998261286438,21.70179861326282,15.10987668490217,19.99492706585354,27.1667391386992,36.36664967443639,55.32739896450443,52.70909749725978,48.69686485522602,57.84859747302055,57.82843474021605,78.58390851890741,38.84355193542512,61.71123865336757,80.52571192489732,16.33828803473412,-24.16373212879273,-53.0311172853539,-35.34424159875441,-39.20474157154582,-17.56474755574887,-25.8935656671198
19.02579272600411,11.1860556989936,43.78426486725326,39.90341095969804,47.59969772333723,42.65907334897689,76.23069933497595,42.49030433942102,65.83728134503123,41.91943535866395,66.74512298040672,89.92636508102599,95.56220854531249,107.286958300169,110.1651418732768,79.32855567136092,43.84902022971974,22.97086529586973,25.17287663530519,50.25886634854007,3.674065847932041,7.137815714883301,19.04716927299574,8.981988167350082,50.35622332304748,19.44882805709319,13.50755022633138,21.82951661797081,4.879099501527612,0.08233965052716813,9.087458139652849,-26.79271504514965,-33.85856785564689,-66.07898253757065,-40.51547187260789,-35.44451091525471,-14.88491547937816,-45.40890818179955,-39.77414206550601,-16.96626167149617,-52.08739184436987,-57.69973137090871,-81.39919354457788,-123.2285195870277,-160.8323297111638,-153.7863980922388,-166.677687949748,-146.245307066492,-155.3902080498031,-184.8122331773475,-178.8205045498386,-165.8940191814802,-142.526576242921,-105.9774948584426,-95.02205573556283,-82.06712293642582,-90.49393200272522,-122.6686635453895,-123.698308162121,-121.3532829203744,-123.4824478662706,-104.1763228556266,-100.8063861728965,-84.36720739913811,-54.13168445908236,-38.16124426056316,-36.92262974541062,-28.57369645125585,-31.53018155771798,-31.01642047305924,-50.77008341087326,-28.14014129724255,-14.73311656499046,-37.2535683159914,-32.65440092350537,-65.68919544229324,-49.22812184938708,-53.79750292393337,-41.55303277034749,-22.20925578808214
65.57332583122523,65.05626002856887,103.1404996058851,85.84740108100178,121.7898584931158,109.4756628174439,135.5121559852801,101.1904031248629,92.1415897288264,53.75247246187728,92.37027093366288,109.4173700653444,110.9858874750717,106.636419442098,144.5152105292443,154.1218745929577,146.4055780697769,125.9132991989149,121.8897968105824,128.5811950885401,110.655755622186,108.5422199238117,111.9143446523842,110.5665755569361,113.7555028912897,90.53416923915717,68.47431599417112,54.3236434936411,52.44633865626391,38.63465862776063,77.15050808265417,86.8909501373499,65.12820629878749,23.27998030103214,47.45881309133229,54.45322152003057,68.66852237003583,27.32352460008451,29.51047234145671,29.60768174677801,24.58715844553906,11.1011648973782,-27.33003318161086,-62.63740815117451,-90.03037665683185,-107.9471911587332,-99.092679012414,-95.37026535103817,-103.7500185757525,-109.429106436024,-92.92658936545891,-137.6415854283727,-153.1068243431022,-147.5466298690682,-124.3985539670708,-113.1198695154963,-132.9607620109112,-152.905948733782,-187.3966565472673,-172.9821783007059,-166.6653767352733,-147.2301334082372,-150.8057764233256,-138.9214014105131,-118.2396115592307,-98.12397151993457,-89.92795910934827,-88.30903745038677,-88.60391486916674,-110.4470885860332,-94.93117753259905,-87.54529428059617,-90.04013516755113,-50.06865474009345,-4.767384953532091,-14.43830430103816,-8.997128870964215,-13.5940731356721,-21.82540678924496,7.713947775460205
52.98311509840805,61.62731179105245,75.4838844340822,59.17996309967548,95.2209156288596,85.20356188479177,80.51440109810909,74.26525872171788,45.37144994174262,22.90115281777625,41.65948679011959,36.45932584787564,32.12805052035224,13.49162257769146,54.19762908846396,96.86963139175289,122.2311290681869,120.3643747489135,114.6757244175616,100.2821049069161,121.7855032762022,113.5716111111553,106.8033764492258,116.7869743214236,81.33416850060105,83.80620668560874,64.559471456362,39.35956817151254,51.39847319113804,40.30014170264578,72.64969578763528,117.1784827890996,99.41187741241566,82.89960641928049,83.8260601109817,89.32940129651739,80.60631199198488,63.59974648922491,59.51338840964491,39.241475393988,68.3113459145026,55.10365582022632,32.25955985641681,38.10290546942777,44.82708386831312,16.77222516021624,43.3924140396464,28.61593715591429,27.66504258897195,50.79038878438498,66.56816520725422,2.267007639502978,-38.7774203812159,-67.46172921160669,-49.14830870073036,-47.93599258331401,-60.23424204391352,-55.00635101189656,-94.17261924537404,-80.91414712613989,-67.1432073508489,-62.56042394480307,-71.48667894268134,-75.03053712013354,-77.23028097289279,-68.9777214628037,-59.91220231887978,-62.54983607675472,-59.08050389555682,-85.42623804874775,-49.14560142307283,-58.30617910304712,-72.90453380899899,-3.42697360742345,48.52543328852649,71.88699400202272,64.38946076477785,59.62177870729084,35.28823581336572,50.73458491261511
-14.75250849174318,-3.002716339142291,-20.72291605996848,-21.93166682382152,-16.24823686479235,-17.21654946574307,-50.03204223848129,-24.24365763476272,-49.20435259045377,-38.05587041119165,-55.78405954681847,-82.51559272894632,-89.59157112424496,-105.9081302634894,-93.0897988553552,-54.87595158112163,-19.66406135126387,-3.336928904844021,-6.067112748856542,-24.28795292978233,20.16661546687342,10.51229143053697,1.344506585671283,19.06382888809228,-24.28137802185895,-1.488570113262282,2.23110750702606,-12.51859940283772,3.614932535895792,5.057310300131695,2.34582907460703,43.65286701990596,46.74470344831791,70.44762428960311,46.55170033794624,46.71169967292251,21.31434066787245,39.8594077605694,33.75193926879313,14.78245157426423,53.11759550779071,49.73839558620335,57.83671975784127,103.6851719106931,140.2308240893856,126.4031705490671,152.7593785349112,134.4606088108739,138.130667166197,171.427015011543,176.7587123167833,146.9832346185732,111.7574660009436,77.60769338030599,77.13253653222309,65.20327378993383,71.23638482068628,94.74888014923432,82.39725453598442,85.32057715588267,97.68609120095056,83.0823391578469,74.82454043640348,55.8398777616959,32.6164478279548,24.07465787798474,24.47874021478594,22.95969211166594,25.57883886021602,17.97517741202519,44.33809428964343,27.63640219698165,14.20421218561818,54.17059166524874,74.87888463005878,113.8162376294138,98.71191374543947,96.4902138889493,74.13048662198038,64.64083043271764
-77.58221825582881,-72.32135201091084,-103.9709118276254,-88.88999570608495,-119.9397647364317,-112.2955529327854,-145.9069927851675,-111.1986024163376,-117.1751928664932,-81.79628029105565,-120.4898472334465,-149.021466055378,-153.2480929991989,-151.0301027669106,-171.9266075816357,-171.848690575101,-157.3498068991872,-139.5379034866978,-138.6319262955814,-142.12573148506,-105.5259774822433,-108.7470948648721,-111.8824153402907,-97.10734250358804,-113.6554331322439,-91.84957002705967,-64.1402890436465,-55.79093920217316,-46.27597402942217,-33.25468644420968,-67.12961979918312,-61.12008833498061,-38.52005003846757,6.238792747716801,-21.75006177438772,-28.50646859865902,-45.46320987491838,-11.29284852084005,-12.13528020611944,-11.12140008205231,4.538756653668347,14.6937054305285,44.4381592073994,91.22642655336132,127.4177180699709,140.2512924779549,146.220749281376,140.8736192130231,142.2785199515896,158.6616071673051,151.4700952713091,179.6021348350396,175.3329697505876,167.8051869675139,148.2946625651342,130.0234393576987,147.9106067816476,170.9359815744043,193.587683360576,186.8419356706292,186.1617665433888,162.473777865446,161.3560109449298,140.0372195816457,111.0072569299863,93.94393656477173,82.68304412594691,83.63103963660851,80.8242372159869,99.91862084834669,96.18381416915682,82.19908705786276,80.24004744970166,56.92022288031244,32.1570336875842,55.78952406493325,41.92266028050755,47.13152297660503,44.75622733131527,20.40383039161379
-73.12758089180571,-79.71394580531502,-100.075665598211,-81.24111031154061,-124.3054176135481,-114.0927313511365,-120.3111556270632,-105.4851096354608,-94.01877456427869,-63.06272856659623,-88.84012878057105,-95.34668273059793,-92.97412889099373,-72.41891424499741,-106.6859768006252,-144.2940009840239,-161.2415821498489,-157.9191692232278,-156.2395855318048,-143.4062634751283,-138.4690431734344,-130.9513574667982,-126.9076783140042,-126.9792443577359,-107.0786169309326,-103.6111677092192,-74.24557925128597,-50.18569090414094,-52.32788076156188,-38.42423666952637,-72.08550054227628,-102.0105294159199,-79.33861308370363,-51.06164127887762,-58.69706868958021,-69.11666839871171,-58.5794703462685,-39.35134162188816,-32.45230140367688,-14.22784484077355,-33.23821185237745,-15.68392460809685,11.7412230015076,16.55531388344097,21.43453199183658,49.91697549892611,29.39409175616511,40.03751787039285,37.1677371319508,23.15616587743384,9.002574880163552,68.92948510464247,96.92511335087477,120.8158639238805,96.25705491518785,85.28543432789263,98.12361116630818,105.3228912675742,142.4976287222058,133.6848015429001,116.4698129067391,101.3496365947168,109.1796220959853,102.7085251060583,87.03302917258648,74.73523137245458,60.56238779560631,60.67774783055437,53.84824348118654,84.07299720183966,56.51390044096623,51.27375072122479,60.05603107365489,-5.780208652789754,-57.13188516470789,-67.79406131955825,-72.3947605741717,-58.95434867759335,-38.34571033809167,-56.85500656692901
1.934063570982,-12.71604423727329,-9.363306776574525,-1.775174082829357,-20.94579237283972,-14.93180407559349,10.41407222497378,-4.239073358859809,13.30495358841069,15.45169315803479,24.56313800653287,47.56966938692035,55.54044679309406,76.79519287905488,56.44748951857148,14.60713521356391,-16.19278144653536,-28.20318521512863,-28.23291316494277,-14.64993881158934,-43.10730153443841,-29.52199713349519,-24.11726405139432,-42.01615613766243,-6.455480101662291,-21.02792751860105,-17.4117117785119,1.620296170173617,-9.573585839807775,-5.720051561394868,-10.1496072340781,-48.10698558020261,-45.56054642965942,-57.33341505657601,-38.45462763573488,-45.30125765122566,-15.32938961223878,-24.61963409769828,-15.95974330341577,-1.056288342451579,-37.69217536726191,-25.24047811032654,-19.42840146936778,-63.44124403418994,-94.77709322479915,-75.80881029641999,-108.2946267749378,-92.97792502105042,-95.02870912053343,-128.4385734853826,-141.2145306188655,-100.4674143433277,-61.67224103200752,-31.80252530493749,-43.26669071375434,-36.8584319500827,-40.70496863308045,-51.40151969213343,-30.09399596582489,-33.84044618003404,-56.42930170585581,-50.78741113976774,-39.08427078617849,-23.583212433772,-14.69258511156363,-14.27844177899591,-17.47735043013668,-20.83708457718541,-25.03000902434395,-10.04248767503289,-36.54586575865175,-31.23518848915003,-20.67398938798082,-72.35731875860756,-112.7729464922666,-149.3652717632953,-141.3925239390565,-128.0132956656595,-99.70111990366361,-98.83486860290975
82.81915570707805,70.86188425894426,90.90710753154899,82.38996129728076,103.6538054961711,102.1326853183485,136.3273232261515,107.8882623190706,121.2396968341288,94.0827454343881,128.9701094940595,164.6500330050565,172.8021025955795,175.3812823153774,181.2946759907125,171.0595443918185,154.918853478451,140.5676139027598,139.7281617946196,138.3893140679748,96.63971818730599,105.1217666647467,106.2598809909273,81.83814936702615,102.9077568373632,84.98134410951452,55.96805920974695,54.24447796941651,41.69882131052191,33.24919354021301,59.27275104876343,43.63081066464269,23.67937630236939,-17.29525446682908,10.84307814269956,13.71029341150053,33.71155064452201,8.866415696125253,9.895848779299003,4.925052825924565,-18.91403544062244,-21.22097758547957,-38.55990677580267,-93.98605865554225,-135.396685860879,-142.860406958969,-162.3815568282724,-155.9437203106308,-151.6854732756076,-177.9043558709165,-183.2122853215005,-193.0025843229635,-170.9636811143088,-164.3728455989242,-153.8343913939076,-133.1814601039246,-149.9180826538448,-168.8400816151354,-178.1882333816743,-175.5403492989303,-184.3498102091495,-160.9365982473992,-154.221368868255,-127.0730148296382,-98.24761979496876,-87.02009204943263,-73.86736802730411,-78.4596495012715,-74.98618717537849,-89.06131871262642,-93.89091207785066,-79.57974625937254,-75.15341100249978,-69.76828831995127,-70.29854074209265,-104.2618973779725,-87.64494255895586,-87.5420079682501,-73.30753724509601,-56.60728210843595
93.17442301848025,93.70022037446583,113.4299558180288,96.90434804600777,141.1052713744286,133.4460518448385,148.0932390865845,130.4157832617322,135.162576992844,101.7080295884716,131.2161981179953,151.042188593863,153.0100915923886,133.7930935536175,156.4806286929218,184.6999226854594,196.0796396425976,192.3085881399374,193.6809906177802,178.2927082972082,151.0381180280623,146.3456038283193,143.6300483940739,131.5790984499642,125.1546770816854,118.3055492457307,79.25534668674506,59.44448300913598,53.43363358928273,39.90717864437971,71.40501740226124,86.09712597059024,61.42955109532942,26.66214526457039,39.48057855121942,51.38339166288135,39.6071546888414,23.50265429175979,13.71202960272001,-6.213497461766738,0.817928142806585,-15.18213228305415,-40.95830373057523,-58.66713456058888,-74.94590570015013,-102.0380371092557,-93.18905500313039,-99.23150146007424,-90.49786664297362,-88.58414106372125,-84.48234642159323,-131.9370783968382,-141.141894580841,-162.138231666449,-136.8308659715602,-117.6619835635976,-132.0620639633744,-146.5746005565142,-175.496618707188,-170.6307476996197,-155.0779054320278,-130.8429693479919,-135.0182105528949,-117.244252948383,-87.39491377731986,-73.97711309498987,-54.82136379261103,-55.5535890035006,-46.77646112217837,-78.15436717088069,-61.50659178672763,-44.34971299633954,-46.86603996795565,8.330143931814421,47.5657036658554,41.83418147122886,56.87012545145282,38.03118356863651,27.20527607497853,44.3288565451074
17.39905862753401,31.42069809633066,38.36660949024881,26.63318919030705,56.75115014969943,47.82499451558543,33.64875472457978,38.15223755003697,33.8532446851468,21.05301083094642,20.28735025479102,7.543811535471096,0.6834175224735867,-23.8908310376849,-4.446704062071495,35.97616196162093,61.26429090918592,69.11094857924761,73.63283560877417,60.88030180279527,65.37333480952819,50.62010971676875,49.08058497801179,60.5055465621932,38.54244921246452,45.46536081065922,30.51863332855303,10.40772467940496,14.42114722491067,5.744773831755941,16.10337657224646,44.02620490061276,36.34250882290843,36.47235689548634,24.0904162728268,36.65060766756809,2.432461478079023,7.215882376386968,-5.717435970769631,-18.95308091606544,11.04580561292456,-7.056790259859077,-22.7639265351194,13.75371332507051,36.56292074817731,14.51530818119218,44.72148380971733,33.66082759719587,38.14761400926083,66.90650208327335,78.79518609244167,35.82387325999706,2.804218565347465,-22.38923326501579,-0.8236886122421886,0.7896188293571642,1.502862609873002,-0.9453651495771687,-24.61608921964691,-22.60533868587742,7.458730752386825,13.75459061390394,1.015768928383838,-5.678604385578833,3.7598087574423,10.69215086718443,17.74065323013088,22.87303099400111,28.89677754979217,7.745305701554922,28.36149802781503,37.59751186620645,32.4791311841003,88.37656011070011,138.5989366920906,164.1227021832489,166.7623483050186,140.1921606927112,112.6468804383523,117.049737229386
-79.89326444904896,-61.75456552274969,-68.39314473166402,-68.45950709472702,-77.4625176499767,-82.00263204902529,-109.4861876233892,-91.75161261646566,-103.6882589165436,-86.93674421056463,-115.2013429120072,-150.9853403088293,-162.8005046853009,-171.3870817017258,-168.2587246215491,-150.0093284661405,-136.3860448825089,-126.5348537734453,-122.3784467551309,-117.3832136375341,-85.09907025036642,-97.4426308658156,-94.7159698998129,-67.419354014756,-83.45017479424742,-71.05084324269718,-46.50504196909276,-50.25253733831995,-39.08520457687683,-37.81635278151584,-53.84836499069617,-36.52507537836652,-21.24820792091561,11.23820701089394,-13.71954854414124,-10.5974442045635,-33.84951847712079,-17.40256800312476,-20.89749571448261,-11.53604338772927,16.20188444879175,9.442584467642801,13.20011857175424,72.34606652490994,114.7451406438776,117.875652579191,145.612137528995,139.1457671223344,132.661722289024,165.801871866795,180.8728853886859,175.6609350565489,142.1506009633316,138.9088492528394,140.4188573862245,122.1835271520896,137.223405521082,146.8400005672661,145.1925758000643,142.9679321885361,162.9277323973712,145.2495815798553,133.5618654900603,106.3151727258498,86.80055944140435,83.59938503243637,69.84430883682361,76.83705860360874,74.16435141604909,81.9685823391281,89.63982455630446,81.53320836464167,77.41022616052281,87.16546404904246,111.7406144975596,148.1768281067469,135.0032064487469,123.2708477936181,99.71606442429054,90.71436536707965
-109.5144392634411,-100.7748747770815,-113.5536675876982,-104.5966544856403,-144.5482315102854,-141.4356181607685,-158.6458857254431,-145.0648329605133,-160.1696726787351,-129.293193052746,-158.8720045629086,-189.2818023495342,-197.3757089620165,-182.7917181465182,-193.6037717648352,-210.1937809647044,-220.5227748311836,-217.7423178520345,-219.1982162989822,-199.3206080677629,-161.1643476451491,-160.2561393255461,-156.2648065161544,-134.6854312222367,-134.8619418125851,-126.8416843311546,-81.57704340401523,-67.56390632951465,-56.67046414051424,-47.54856772481821,-72.70577315914771,-75.94830450064102,-52.31030987679235,-17.34849415935327,-32.43299146713544,-42.0455911968042,-29.55445936633694,-19.95277133808495,-8.57622870799525,16.12812917424596,20.69158631530883,30.16946542955426,48.90476222145526,78.89767257703657,104.7329429376247,129.9735707355817,134.1508048062842,135.4160070266262,121.4011174688957,132.9279349428346,143.7674814903546,174.4759672775916,163.7038809867007,184.6370675076996,164.3740300293738,140.8381661974504,157.0279471017677,172.6353003314728,189.8333436554958,186.524777172031,177.6507099944109,148.3559483361029,147.3736522684232,120.5046770790424,84.33339893784708,73.55072613740396,49.71599248316674,52.20725750529959,43.11429424134533,72.70138901128145,65.40837519600188,41.51201164746528,38.6454848123093,-2.453457485306306,-21.49418810360676,-0.8771354960840916,-21.71960219425513,-3.803201486110469,-6.448382197778811,-18.76698070391391
-40.08806089733449,-48.42467006051402,-59.3240240849718,-48.70034758918856,-85.59493231574865,-76.35507363219232,-72.90249768475135,-72.13575649307913,-81.92002109137569,-62.75067759316433,-68.57987065316078,-69.57038671962961,-66.58643125804423,-41.83140509881733,-54.46331760948303,-88.54961668030091,-110.4299159375431,-114.6566105769727,-122.9688070665987,-107.4714609127754,-88.62206930246798,-75.31992128040348,-76.11244062065165,-77.93952634986955,-69.76301207511359,-69.78866647177779,-42.07824773748317,-23.95004593726279,-20.5856654595096,-9.883948790835142,-22.89457255772369,-38.03815076975567,-27.20764437762563,-19.2797106659773,-12.71531346926861,-28.02731905261082,10.13696312369233,4.6448389902397,22.46838600376677,37.94300403477576,18.43781429410958,36.77127193705579,56.89252661340274,31.89338348722591,19.57307470040671,43.23155920447795,22.21103246916735,27.47904297046114,17.88711800835785,-1.383749101590758,-2.830110196157961,33.5788475237758,53.07962110163245,75.00504100109144,47.7440475920267,38.43288641888783,42.0035041393516,54.63412901026048,74.01646783746332,73.95420605967841,41.2763929822633,22.62655727277559,33.90593760137298,28.94459695478483,2.10479773052629,-9.562985885497872,-21.55480895670197,-25.84198444718174,-32.79384563698552,-8.102050481513871,-19.22951782050881,-42.93744415878575,-44.94954246670041,-98.28175279519635,-146.9197969647863,-155.3245200865861,-168.6480965611617,-130.5750703644305,-111.3383888482978,-116.5290921236623
69.38499538273174,48.59690213377169,43.7681929061005,50.66887613984383,47.37950545587435,56.59809850248694,72.15691589702789,65.54898483514735,69.30572700558896,62.21481624581185,82.54202279556982,111.0987261651965,124.6602150554204,138.4757482595959,133.5680303483565,111.2953651099757,101.6921732109192,97.36036452806755,87.83246426869181,82.06443230607836,69.68416543527549,83.48334415766018,76.02056356645801,52.56228138033757,56.73693460797935,51.20634813483665,36.60896962760552,43.38036053132625,36.95252707862208,43.18514477597369,49.12904451585891,37.24912411187616,26.86304290394248,4.229585970576817,24.17388679800713,15.27264742115447,42.05559351520477,30.58587892772289,38.75774184276982,27.32344015748026,0.9433907372918605,14.42570103975923,22.80562502670512,-34.49361722125607,-73.66334378133877,-73.93531105551189,-102.3710478857221,-97.74945976325266,-93.23240011620234,-128.4560816355009,-145.2817434087663,-132.2267906549385,-95.96290912735886,-97.0122379603042,-110.6515408294475,-98.16175702108869,-109.8566982734484,-108.1247034174641,-100.5852475514753,-96.38172572141974,-126.2930441563427,-119.1476801597423,-104.2162353734311,-82.83600173484022,-79.47615051252458,-84.84472606391768,-72.14140574441295,-79.07489071825422,-77.32849125483054,-79.33148773782391,-83.56373057076011,-86.74488204456445,-85.94843609152099,-105.7054516034248,-147.8364934569283,-177.1712230154133,-172.0593373792017,-144.1726866511242,-117.4185761504969,-113.5890379317608
120.0381204458604,101.4381038417907,103.5199973548537,105.3088835800157,137.0774424275509,139.2362222126864,151.7621981951843,147.7528694355191,165.1468731333538,139.7083576707429,166.1862468476209,200.9852466770351,215.5200552588376,207.7486846531818,210.4813894093691,215.6505477808438,229.0339001130759,229.1997972068378,227.1481696125496,203.2738651596493,168.5717951808743,170.9636181163022,162.6803186071761,137.5222542303686,135.5694517345337,128.5471058458719,82.75288663940167,74.28538577255172,62.42825172975706,60.99246827843186,76.22105426759113,74.54723910945523,53.99600800798692,23.96170472960588,38.26905907815043,42.92329853643934,30.36084831015272,27.91873663261553,17.30624635968138,-12.99815889720636,-26.41527646807085,-27.16434029550904,-35.24157022533053,-74.52507363273834,-106.7226061218921,-130.7689982373481,-145.0311220537645,-142.2551895522228,-125.9183183934798,-149.7090465045732,-174.4639126323952,-189.0972516764578,-161.8406372367724,-185.4589102646312,-174.6969449583701,-151.5074471463335,-168.3234842572124,-179.7318765541684,-185.3028477111024,-180.6173744131975,-181.8403419794917,-153.3396151883102,-147.0339629184136,-116.049741194576,-83.44552279239927,-78.75112318406512,-50.99629887843555,-54.2961870933696,-45.77194467955214,-71.5219580273349,-68.85292524870999,-44.80094698368499,-38.67144078428485,-11.49629672386409,-15.53152135153943,-44.51107842814096,-23.76645941525018,-32.90016547478307,-17.00727621598466,-10.63381814765376
63.12654894497764,61.16117435487144,69.29321594528507,66.08726583817996,105.0935663921268,97.74336792657294,100.698579343769,101.612387867068,121.4270310127458,100.0322816519895,109.9190409402957,123.8091962983974,127.1706033380739,105.8928948399884,109.8530332527217,133.9848067340623,156.6323196006946,158.6116935264592,167.8149141987866,147.5794029530722,114.013855478548,103.9417656350776,103.8271034294119,97.49299593846366,98.17707735460318,92.25706764070728,53.54429898275493,39.3545479618852,30.18250857613891,21.54905994357026,32.60462104835098,36.59353155318208,25.00729444818328,14.31380144553782,11.25275775066315,25.53482002580211,-16.2217737977338,-5.857130178535788,-27.71114771986514,-49.02228295908885,-41.84402658421882,-55.16101884906008,-73.81624550383233,-61.96092006480102,-60.40636311216558,-85.31473136225611,-76.94596507210886,-75.2432577544439,-60.29183387947339,-54.04538131298087,-69.941337668995,-93.69810422619572,-95.56749695465716,-117.0922873057526,-89.73221934445806,-75.70477620170237,-83.83826116368517,-101.8882330959141,-112.2437986046567,-112.4355858919503,-82.81361240487459,-54.48909324653621,-62.49820114434722,-46.4367136135476,-8.111912609941692,4.328886163656367,22.23863035243271,24.74726017463231,31.51596162307801,6.484938604485476,8.163370733778983,42.9742358992991,52.48290099671837,98.93032852420664,136.0914942053528,126.28602442542,147.1421464529058,103.2389029797221,98.39107217922026,100.2772149662379
-53.00021582372219,-35.25182327919693,-23.91268286622395,-32.25698768547318,-18.5617201404979,-30.40170251284129,-32.51665111432602,-33.17898390403128,-26.27126619522523,-26.25072815175861,-38.74881935697146,-54.99469521307617,-67.28037996108691,-83.73845136207729,-82.92036387595255,-61.33458050128354,-54.05495563229346,-55.67005186106337,-41.10791521175365,-37.6187260973833,-47.88455236556444,-60.34858525621593,-49.24040328645166,-33.47663585093855,-23.9266140539132,-26.5496854244835,-25.44276648453266,-32.53013365125219,-32.6802204924677,-44.24795732166138,-42.37637706103147,-40.05554743086454,-33.38527281300687,-18.5796786759207,-33.73515849662871,-21.45618522950442,-52.19138846669669,-40.97883181502993,-55.11957459676758,-45.80441587604091,-25.84638120399344,-41.23597166732972,-58.0663982857917,-7.402848852769795,25.04791514331699,23.44848456511335,45.3441221163198,45.02450392999629,45.80592119490623,77.30263281885132,85.44942204934343,73.04588593306389,42.6630962084535,46.84755196680334,69.90643830289513,63.82675727371252,70.32492176082845,58.37803279092291,51.01999275992457,44.41872505391131,80.40662305359955,86.33664434718644,70.25468288204266,59.00352910887019,74.13877055410606,86.44146463800335,76.90394833508265,81.63008541939583,79.97090383484652,78.39022112700708,74.53872232272499,91.24351552338882,96.37825165635834,120.8304387726552,170.8876087484861,185.0866799269787,189.6613043782179,144.8377736436213,123.1479835434101,120.1181572493029
-124.1981889982518,-98.60517418418132,-89.75836182525251,-101.5288364764541,-123.0113409167543,-129.9366305936304,-131.5309355047515,-138.8974816788048,-151.38250806549,-131.755965797818,-153.0008366612255,-184.6655227786511,-204.1613785523125,-203.512614757363,-203.9555665104955,-200.0524596251968,-218.3374531845936,-223.5523069633209,-215.4639897889289,-189.7460294902122,-170.5391260370809,-174.3826056783138,-159.6661059584081,-137.4831657833471,-126.2386343251318,-122.7713104372178,-82.81897929675311,-78.28313561202695,-69.21071221598305,-76.71136194603066,-80.18002131479936,-80.44365110256477,-63.61057950577165,-40.81254839635206,-52.44560567806833,-51.58056375942936,-39.91748883657905,-42.61822051977914,-35.38940355575222,-1.560532660876977,16.16065351976344,9.419667386225226,5.594274768722332,49.90927456565341,84.48225241380378,108.3363525404224,126.7564873052365,121.9557922499426,107.5007068088095,139.6771270678679,171.340165383664,174.9515522186602,138.1258905935672,165.8420665020641,166.6636142284437,147.6405325042994,162.6965054911131,166.9869979368312,164.1196963202886,155.9214726125408,167.9780453135891,146.330881733981,135.6330111787436,106.6771194387197,86.65540997575567,89.94247475023946,59.84494973746876,61.82526528312093,53.62069791236357,75.30421793456556,71.03890237529984,53.05532889794034,46.60498746061004,30.77097314472062,55.3393165120245,83.20393290740904,67.66310923079432,60.98221192399871,36.44038716984085,34.26169661123385
-84.53737954099662,-70.17729770873969,-70.37723214410849,-79.25759247464121,-116.1328718316846,-111.9225583462228,-114.6239164589053,-123.5457351918172,-146.315489481164,-125.3331991457574,-136.7366186029654,-158.6838567220806,-169.5730367032666,-154.7734607335281,-152.0883892715608,-164.6154626480113,-192.3433266703367,-194.3666989216453,-200.5972039155345,-175.6301654451029,-140.4625386103016,-134.0046556991024,-128.8007850469609,-119.340371821275,-121.2282309629083,-110.9711401628419,-65.85104782326985,-56.05404836023358,-43.87490368529211,-41.17622394746945,-45.54794848725567,-43.33386370665612,-32.80101156987718,-24.20449445798722,-21.84338321679176,-31.94447225562624,12.74707765136848,-4.514575100028597,19.21501244295347,47.89050984647503,52.36064876940323,57.56383821422089,69.58534055852517,70.19599102992595,77.96422684347594,104.6922671228622,108.3084108622881,99.61722651429639,81.56229071294771,89.28885042907825,123.8126915113815,133.2329312106432,117.8006042643339,142.1860106880641,120.0147870822775,105.7316268862087,117.1605757716252,135.9254783341235,135.571842751904,133.4884311987251,111.7909186857736,79.0681327563386,83.06237914510803,59.68078576102452,19.19090580574144,10.08782530193733,-14.13573419178737,-15.85686162338916,-22.0095799351895,0.8470056776994562,4.955054356344738,-35.1790406319512,-51.06571048038308,-89.19110522396534,-108.806047040967,-85.17616697823739,-108.560239406182,-67.32628555665202,-79.36453646116958,-75.82608071397343
32.43499738322037,23.56165094548874,12.11779409011153,14.65537848193121,-6.397021887750019,6.104864729622057,-2.69775775805372,-1.489332565434121,-16.7128915415601,-12.57523567881669,-6.869888155661721,-4.039995232890501,3.84903957530183,19.36135501091401,25.32603464477486,8.747723591697376,-0.3438842110472994,6.508937665273024,-10.35433984532309,-9.601877817207864,17.85750779764871,26.6306085634165,15.25399668045103,6.786878713127767,-13.22734084864576,-1.49462085934651,11.45110471610586,16.81143733815283,23.73971422996111,36.75298085753867,31.2930450407896,38.63070005902732,33.97386115891994,22.81814778649056,35.20064095360535,23.20268948693609,58.31292322331336,42.7569983775772,62.69952644304587,59.81722657111895,49.95461128343801,61.92039010638406,82.04492598344898,41.10300512979844,17.51092373609772,20.98158725997923,10.41285932085798,4.150712454506988,-3.15027795828894,-25.71930787866711,-16.25446061731069,-11.53563450287036,6.673381709698925,2.478204201233655,-25.40668855232613,-23.51812770333688,-23.87632829135144,-5.0046140771327,-2.91989017559843,4.631665371531801,-31.89759288348523,-50.21837085703596,-34.71855414894413,-34.79388589691337,-65.41196784355283,-81.19305281687397,-77.13382891518128,-79.03798797392139,-76.51354352317617,-74.51461550938636,-61.25218053459596,-90.22473831743905,-102.830836448325,-128.1831039190315,-176.1348939683387,-171.4664324766566,-184.1501578253028,-126.2649358828855,-117.6972177892518,-110.7374091686259
122.2741747435075,95.39341930994659,78.77567428005158,95.4870991210106,106.3190798429538,116.7729968136811,104.1426100388728,120.1986702664855,124.0121129715127,108.7913262743152,123.7973096503946,146.0670003679862,167.6104338632261,172.4235434480679,175.867346509434,166.6365655979117,188.5166770125213,200.3352555705053,185.9809179717178,160.9648010469725,162.8626799922891,165.448311836569,144.3106246430482,129.4398465295802,105.87648269848,109.0213597131686,80.26149089129726,77.51802675341489,74.18026458892024,89.35063852980956,81.65063330998397,88.69521818457658,75.01600278828633,58.49878312288744,67.4948655695362,62.85672374040296,53.47890474927605,57.37203145776705,55.50556218854774,22.5193945835327,5.792209078305922,16.00301742284999,30.44433958951927,-14.65485532665878,-47.57919533096755,-71.72581200027666,-87.54674665093192,-83.80889351202769,-75.11590299695931,-109.8979316597214,-137.7913284116937,-137.8274140542767,-99.65330929012416,-130.5753233441919,-142.4208695201828,-128.9941443222297,-139.5424129395768,-136.6278871626399,-130.1557612925633,-117.9808712054243,-138.6309844101929,-128.288286997203,-114.6351585252442,-93.05334488952003,-91.02834793731364,-101.8707515850188,-71.99103178778111,-70.78714724002614,-61.84513088767792,-81.26930688873506,-69.9549221776538,-62.16126642671714,-58.48179530450729,-50.80606176861347,-89.17369379387307,-106.664550451244,-99.01798005009387,-72.76434430957572,-47.62210631064895,-45.33996321083053
103.4225251530025,78.31850827950777,68.3598270108028,90.05311330151766,121.5215370233488,120.6848524461069,116.3281171967607,136.4354488423328,154.9185643732212,134.9734920035763,145.9158755522864,168.7810987460127,186.5710022374643,179.6641560041318,174.6653434831585,176.0204266572929,211.3293808270209,216.205145655466,216.3151257235982,188.1087721553056,163.9675129285289,159.9168434366869,145.9298434137475,139.548362925422,135.4868267766464,123.6926398599881,78.40621279201576,72.18421962227117,60.39963887559126,65.87407549433841,59.99172749078808,57.79001998497071,49.04991978230924,45.16389310266773,41.5388683758044,46.13279748781277,-0.2272259337578595,23.38024539132576,0.5421456983153942,-34.00270516225802,-47.08851008500283,-44.26445753976547,-46.17410132485701,-57.0507582904227,-71.30133083462871,-100.636343560105,-112.1250859328291,-98.13454134001543,-80.89198046469021,-100.3634962557761,-148.3471357524835,-146.2899158591931,-117.7859760856582,-147.1981976933003,-134.0187493007625,-123.6239556661898,-135.5957002032409,-152.0020467882817,-142.2972981313731,-135.830573344263,-124.710267491228,-94.03180162185753,-94.23672954482387,-69.33093977399164,-36.6470402759967,-33.71068485937844,-3.917652647200671,-0.8492590154736507,5.303106795580112,-14.70822069471415,-18.62016860595909,20.27156862690959,40.13942423189048,70.55691363689201,71.46236688844569,42.39793745606165,63.40119279946856,33.82155447223431,60.45497273015671,52.4446484159488
-8.609239632468103,-12.26123919482728,-6.659975478887884,2.904756730412504,27.80957988244818,15.96181578642821,30.06390210148834,35.32634426148655,52.95542631112563,46.56699472542222,46.34251158512285,53.74279263184946,52.40823949427179,41.31098023045588,29.3293751442476,37.79544324754612,53.55368284960144,43.49632413235776,58.57930597671734,53.19641587621668,19.62735921764964,15.67240655463289,22.26530586214796,27.58346603982064,51.46483415342961,30.72235307551627,6.281854724917787,3.551442306462259,-8.872313614851926,-19.10394768771987,-15.2399873153624,-28.74537261371505,-24.72134126948695,-12.87495020488725,-25.29024932074192,-17.10053235723031,-56.65402687515011,-33.53604826995642,-57.65884670490927,-63.73049730069994,-65.37318018654335,-70.09285667003941,-87.94563329378012,-57.93162297340806,-43.62364978775635,-49.79856082899991,-51.69302819478483,-37.76326086699238,-25.25109302280642,-14.5450251393096,-45.60279106704485,-39.19754153190161,-42.62160791246732,-42.47910416165328,-15.03887627630743,-16.93723591101674,-21.95486530267104,-43.91369345958257,-37.97890780008336,-43.9743863845125,-12.5394091093037,14.31864001709273,0.3462207202833771,9.507264003171993,48.13451307115945,63.31371648594153,66.60992096264209,66.95942718301103,63.33770469630547,63.64888667122649,43.51532869538151,80.36361326746143,100.4887185360112,125.0227910973726,163.0050762295833,141.2448798068693,158.2776743905359,95.25616317948155,105.0975740399052,90.96167870852827
-114.3345513717857,-92.75182611523861,-73.80567993644995,-87.62088088386196,-88.83503656539845,-101.5135922590536,-75.23676187118288,-93.72339691570687,-89.64912732439339,-76.91258962722688,-85.47108790545994,-95.46483971623175,-115.6083621428067,-122.8079972379799,-132.1759018079379,-121.8651223833594,-143.2466364443962,-161.9717667284798,-143.6778512665811,-121.1880864961457,-141.9006109716586,-140.5134671989616,-115.8103228541743,-108.6701841474716,-74.66960657313395,-87.50026910481307,-72.92093621083707,-70.13459678614262,-74.28017831886213,-93.79934528891985,-77.92830777027729,-93.13474361405984,-81.5205789130214,-67.9420469130481,-76.25599577106026,-71.23932325973813,-65.78265393388554,-66.14800273070377,-70.30452562121144,-43.1792386106309,-32.19661167949995,-40.75540127464048,-62.33409748172129,-19.74299688666377,8.267299639181665,32.18768736003961,40.04378200922394,40.67887114788261,39.90688202685615,71.25663580028909,84.82484210564688,88.46251618908018,56.23485249360178,87.00017565555055,107.0648113800453,97.66723443776021,101.7700787795409,93.80706911687409,88.41675672788379,73.62242449771847,98.26895846420257,100.6949940485712,85.3776333654765,74.02610403409049,90.22065660966335,106.0492388057514,79.66315757741209,74.93314836599522,64.1969877147899,84.48977393735338,63.49238709542607,66.72379592808494,68.28435395501852,66.49311021332929,109.9536824797478,111.1078585042842,111.0931575861482,66.39491907238944,49.98419289368094,42.076061730105
-119.21728639556,-88.47016164130201,-69.50929860884801,-99.92047969658569,-123.8846182421731,-126.0233451968413,-109.7873100626341,-139.7472599891869,-149.2521299340492,-129.3720054328189,-138.6030271609081,-155.4418792381214,-177.8422585920061,-178.2834342462617,-175.4138076144744,-167.799718027085,-210.165125072094,-220.4282080088853,-213.379817518127,-183.8793730691312,-178.4550858029839,-174.3254323974695,-149.9570372525614,-151.2422781778131,-137.3603362488259,-128.1652986271523,-89.01321849733456,-84.91913928945449,-76.91919325127462,-90.42984749508999,-72.85112437110143,-75.82639092864271,-68.66069441045286,-69.07107414067883,-64.04285856978314,-64.13432637768621,-18.16096978697743,-45.22724740231408,-25.74697919234806,10.43767621223796,27.55683061281953,19.72108111123868,10.37817704435239,28.84797286664139,45.98924733477068,78.09844548149385,91.62629002629616,75.64177683067589,63.34198590144378,89.66058774199308,141.1112275709671,133.5742677642621,98.56040587682779,132.7386049983539,130.2410500987606,125.8268440881339,134.9046186506352,148.288845383115,132.5970959737191,121.0351806103801,120.1691267641612,97.25192907599367,94.40231702411521,73.94423678460397,56.69453223877363,60.48289994533623,27.3501017732435,21.05617883294019,13.55744500719272,32.35795245592922,29.94971267524288,-2.257675952976117,-22.99765102754455,-46.88491912152234,-32.48700363746016,-7.48023001088963,-22.99500946774471,-11.74763247094016,-46.12803712614591,-37.82164304172942
-18.27374253482712,-2.240789544155734,1.833698339545076,-22.44267970530507,-47.75751323978648,-37.1347363498795,-49.69186246956258,-65.9802489411134,-79.05832224011,-70.6774716391583,-74.85826513222248,-86.20479648728903,-91.92247288628316,-87.55696329824406,-72.65391668844897,-71.56751202937919,-97.58549839467609,-87.33068673996283,-96.8396165507428,-87.65642411078611,-60.22626122097557,-60.50681244916809,-57.06347422964997,-65.04384241260675,-85.80348885938332,-58.01133837692907,-27.02604809523665,-26.76701843704665,-11.28126850390204,-6.952142389361502,-4.33989590737847,9.866254291610757,5.876701323324756,-9.256913376816344,5.435858669079444,3.122471146183593,46.37542134960082,14.68524705867429,40.46241233946214,54.93960675565226,66.97484947635927,63.43721084484376,74.20563969039377,54.93789546825089,48.64233142425486,58.48973398792241,70.42163152064941,49.73043238319637,35.30230277357954,36.10119975632114,86.16534735955626,69.55494282888921,59.38736346948969,66.62795545448084,44.45107604108225,50.81438332748447,58.6392280263167,80.88747998536222,66.88605257388214,68.89876743573979,46.6721741261438,17.18110494953221,29.4681568746664,16.18240080579526,-20.8770750256375,-32.29827582655417,-43.59269320822853,-44.85259677034675,-40.97671858387763,-44.4880179347283,-23.06203832160481,-61.55675820041304,-87.69977327508865,-111.1703269234783,-135.201670476849,-102.8266171116017,-120.0177682200595,-61.75794317312587,-90.59646624983631,-69.11379679981992
99.5721675317008,88.24162366415942,72.99426391838963,76.10702860074191,69.74842405990601,83.77564584879967,47.95633718256384,61.37560962115067,54.06301738718095,42.62097353842706,44.79602814572804,43.90843096082703,59.7438363017874,65.8244465094356,81.09487261122817,73.63205442296474,89.07370610851706,113.3977905675115,95.2192707037197,75.88913320152925,106.8031197755324,99.6983643441264,76.81827329862509,73.98182231209039,35.12299120203402,59.70209007569816,59.32252043385206,55.4440009305709,67.42388834190652,87.09587777349054,67.80276463692904,88.94767317591135,78.49525711661057,63.92335457935226,74.5903986479684,72.97836988806347,72.87582596924068,65.49198192636224,74.84570676845409,57.21868380051723,55.03774923025947,57.7022177147961,81.56328441500295,43.5031692886617,22.27934892126499,-0.03919823749927018,2.492536107521492,-4.826118815394468,-11.70928083464152,-35.25900630146194,-27.8636140855588,-39.6317779730943,-18.07609029986417,-43.74955692847882,-67.7731698972289,-58.41309172765402,-55.90022872486997,-45.95618561294506,-44.74885886696226,-29.95891472808171,-53.01272290859372,-66.25931502224343,-49.99111796004029,-48.33899694722859,-77.90131233311642,-95.1282492691175,-75.48354356705904,-68.8672859710681,-56.10293008295293,-80.24512957780775,-50.85097593167693,-62.42287019686682,-70.41517701048393,-73.70074160640941,-114.0807724224477,-98.03741086253176,-103.1257359435138,-46.09298998003587,-46.22978419219554,-27.9337744113685
130.6372815518399,101.0013038857602,77.00400171317533,108.2632722153088,123.8264711588409,128.4888872808432,98.90775083498534,133.240259987515,133.1794281290948,111.8402406170903,118.603928668697,125.0338963703732,148.8317868092612,154.3898218218387,156.3740081019768,143.2042344657798,189.0348239043782,206.0761234329279,193.4517722610069,164.0996583343394,177.8836709030656,170.7185634104778,137.6084811767593,147.5770848765619,124.5458282184265,122.8555860993953,94.72444202609312,91.38110698411531,89.99564561571813,109.1775897364887,80.99990048366087,91.50798588693694,85.26541371396495,87.07415594555582,82.55828809386622,81.13104355310199,38.26814530450884,64.3549549331092,49.62975072129991,17.30522939407584,1.052733472186515,9.320330750143306,28.57442801512763,4.810281756910859,-11.70964533615697,-45.64163857496084,-55.75015434489654,-41.8424588985097,-37.36110849433616,-64.51606635394508,-108.0779886447712,-101.8224059264572,-67.22122109624317,-102.9405151499859,-110.6184824798486,-111.2457256190711,-114.5256708539319,-126.4167214041599,-108.5698527862332,-92.97156298866147,-99.22297732246751,-87.3698938609278,-82.13417848598398,-70.38156193042184,-71.65176808280005,-80.41878514839401,-47.50849281716844,-37.70241459865733,-27.594003597687,-48.5534555235503,-35.86740058904227,-13.0439276114547,5.543902039658317,23.3270488473525,0.07283572442294972,-13.48608642227424,-3.989309827194129,5.203495111163796,37.65777605361087,35.45416976244081
47.84199615696696,23.47527184470491,8.926153549764486,45.35377220907947,68.04249277962306,58.80337823025108,63.86058647442879,91.40789868479202,94.65961585994634,83.10097936390231,91.01129807433277,99.16094745222584,110.6972231364377,113.6216368522744,99.33919609391357,89.02938475961253,126.1620159965424,118.8676102658885,120.8110660311976,109.0187915403684,96.61212299023894,98.90337410766691,81.86067656537092,97.26975736333291,110.391336750671,79.73678681009174,48.26234190833941,49.73317184435154,34.31805540020119,36.95013674200266,24.45755900170979,14.8281750047098,18.65594499025331,36.89531925570274,19.40186985171761,16.01618512394424,-29.0300006533667,9.78003372624346,-15.08184082434269,-34.26811183620899,-53.51922669862912,-43.64095720866895,-44.27852072426575,-35.00249340981329,-34.17586850371799,-47.94040209448342,-65.14265012495264,-40.71459708756724,-28.39228123162519,-37.16809466335179,-97.92304126880629,-75.58981209068278,-55.87783490089653,-71.40015255358584,-58.03067035901567,-71.66337275365419,-78.60922085625427,-100.3961957941354,-80.3328793563637,-77.04850495779391,-65.46463604154279,-39.49019456999245,-50.35734186682063,-39.05400693445634,-12.22745737854866,-5.600674479610062,12.48891541776098,16.92256389843923,14.38173507539036,19.39181221905465,3.326510357487526,37.28282640428742,66.7637500167758,89.11624105171845,99.57392465298739,65.2832687794369,79.71259352595246,35.16175064320398,78.30940173724713,53.1232900670913
-76.51337732120034,-76.77443517411396,-70.09298392785959,-57.82810220499628,-46.62395836327686,-61.63527904303498,-22.49975025560897,-24.97834928795106,-20.83791773492833,-10.95728015050222,-6.651531953774579,0.05900001055295143,-9.919499744282794,-11.99918563311407,-30.98428884908931,-29.33143554322788,-33.96483496145333,-61.18471309315323,-47.36404202709936,-30.92085810378311,-60.89986918232437,-48.059256708372,-33.55748482597095,-29.48242189592006,7.552419725891075,-28.64904731541213,-39.73453019658432,-34.5020340000302,-53.26127086137345,-69.41809769700568,-52.12204882976551,-74.50329773326837,-64.8930914091943,-46.73527922693651,-62.52775546214222,-67.09944146754832,-72.94740293246991,-55.1754155777541,-67.80896973789747,-60.33859680398521,-67.69326187963745,-62.5871265381108,-83.64799413652869,-51.17762274768404,-36.92913094238268,-17.732764455164,-29.6940959125172,-15.46925345863279,-3.391447977114876,11.09839028627532,-17.65029158822096,2.8525007372263,-6.520399792952115,9.333344803001431,32.50096617175422,18.34321672253556,11.11915803742829,1.628053374172335,5.517356025718119,-6.374533883329996,10.18914367627778,29.59032433551739,12.45201331308755,16.74954157494183,51.53738550911675,67.17489068395575,56.47119567684715,50.99736716285186,37.1545716827794,66.3302117549391,33.4612867865604,47.99602414641991,62.00252073401704,70.48729997860426,102.2282136990739,73.09477758692876,80.01769351244843,20.15891096882507,40.60221350623566,9.960073668620602
-135.0285036919381,-112.3088348730433,-88.6987304601009,-111.8594263444032,-119.2948770485721,-126.4115173098023,-85.61760000701857,-116.6697324822846,-110.42564121192,-86.7205616562611,-90.31038408163928,-85.918947219477,-107.9961007665524,-115.5320274511021,-122.6376132796666,-107.8765869281934,-151.6063622473054,-175.1031537286644,-160.5277251007155,-131.8618004726097,-158.7829140380759,-146.2487584486757,-109.412457287701,-125.1748936540079,-97.54047234809543,-107.76602128849,-93.17203037438732,-89.70196516674463,-96.73997752823368,-117.9181035746791,-82.56745541325716,-99.51970895996811,-93.70149352568612,-93.11463639641137,-92.43305824153578,-93.3856129549124,-56.53069581048868,-76.75520717611656,-66.79842790168858,-43.01400990544986,-31.57089991449352,-35.99189140032438,-61.78023068883473,-34.32128647053113,-21.05504692100833,12.75954917735469,16.10857050511565,7.736223666813588,11.76230280824657,34.70977790799758,61.61048725843357,61.70591277584595,33.09828677165294,64.82788456921817,80.28858687864592,82.1910687267744,78.42476087263339,91.47854691962819,74.3864787132686,57.27425436366931,65.7442247145912,64.95831898870867,57.5185342759819,55.66046290463889,73.34971536992933,84.06344118134088,55.52590338043659,44.11886444529796,31.07692677588178,57.79738898218721,34.65227690885514,20.3525519186218,6.045944749221023,-4.836353972580612,19.9765946584841,19.06677311764389,13.94507384736463,-12.35167958973172,-33.15753268370455,-43.70777229325206
-78.33616152210608,-52.04765393753787,-29.21565291659216,-70.55212564309127,-88.25352651101805,-80.68487088567849,-74.85469921157262,-109.3440019664993,-101.0493763309216,-84.55607600289891,-95.70651290137641,-95.11875941124411,-110.0578381116118,-119.0573992611432,-107.6610593684453,-90.06691305427887,-135.9872510908891,-133.9580447270835,-128.8959648075908,-115.229332451306,-120.52697475884,-121.6484356562235,-90.75776493404143,-115.1575415958663,-120.2419072436256,-92.67290044481101,-66.46656668810979,-68.90800453032179,-56.85073974684207,-65.28670349948158,-41.78747852255563,-39.89032738878593,-43.13249847510541,-61.76453835880459,-43.15168626307717,-36.46416591118272,7.285675792076049,-35.04972151547479,-12.9123341533675,5.347394232878464,27.60980305922328,15.19872102617255,5.015045168537863,5.103894329602357,6.667050847748839,23.31801497682664,40.5163419583323,16.74362659716023,9.811916502730915,21.21646746800166,81.55922321646841,59.56756156303049,35.66697920616742,56.96091641735612,54.2071972002628,74.93550115148877,77.41339819116357,100.1318929328475,76.81606036358625,68.60109059287112,66.11151480915805,48.18996701697505,57.8086574934682,53.8019843962979,42.34472048172636,39.1860637548121,17.43183287596333,9.221813165352643,8.947924022288174,6.378785820183437,11.79263695769442,-13.38686316138631,-43.06625714953211,-63.25519916753536,-64.09739252500806,-35.66225294876364,-46.60787952158405,-20.98668678048393,-69.556668068519,-47.62034890816087
44.13739551617593,53.16904598021743,57.50431234947742,30.42296794720325,17.48235005907583,33.27532293672908,-2.759991503150092,-13.18284616497718,-8.602602638545729,-15.24140080394912,-26.40902604090073,-32.07430391765865,-27.88228984513913,-31.28767748267914,-11.3292246695381,-5.623234501765287,-14.43411410055016,12.35898859564945,5.742322119545629,-8.233416610447975,11.52722367850278,-5.126417565077317,-5.582301952596414,-15.96795005979922,-46.24738890093272,-1.490205911028099,16.42193287148334,9.993819019143411,33.26127333344782,43.85290267009791,33.42380179949339,51.77761050655852,43.22271379093153,21.45905883249323,43.57003221407206,55.07631213149548,66.0511640594593,37.52318108799792,51.19352672456872,51.06974316305821,66.46137429804392,54.51064454237139,68.67412586379051,42.53244848511523,33.91018610023933,18.58141872537119,36.32954086452449,17.48739502386495,3.839904281739485,-3.73329728159417,40.5082223645526,14.38186982658165,12.9088721333158,9.351032344295664,-8.41311598033985,14.21974575781971,22.68189723187045,31.09687605206771,23.05486560689148,29.93448229387599,22.6169606041153,2.877666977896495,21.13663361683914,16.67949772365831,-14.70923452637651,-27.74641346747008,-26.21796304056286,-24.88857858890167,-11.76041601243737,-44.26425710846922,-14.85661553355903,-25.94652833226296,-44.05476611902017,-57.56934128314042,-78.8542642437031,-43.74149147082576,-50.13043663063235,2.449440987308409,-36.59433016979791,4.158451206843931
128.6840867524462,115.42943218806,97.42872398874894,105.8283564543563,106.5393402038664,116.4578577291526,69.31528142562492,90.09982455062863,83.36179273312429,57.79119899564522,57.16665506402189,45.49819973471294,63.70514584284921,70.15915752974396,80.73508665095849,68.21643342759015,104.0610081594809,131.9913956291068,119.7368389776326,91.68184333288798,122.1544432165279,103.5484518041329,70.30562733687366,86.42287134444383,60.39360087803067,84.88413621223881,83.70918558876262,79.74639416526321,95.66731744191785,115.1369044308982,77.6267331896983,97.12080445693061,91.70158120030514,85.9449222371925,92.52682204145033,99.29250864358417,70.73069320444257,80.94314722895007,74.62650053779883,61.34792585695318,56.79878112174583,54.98825245514912,82.87005058693723,52.85761941226804,44.05103239580063,12.55027254827164,16.32120981936919,17.69072965290511,6.719966064136511,-9.723177905467443,-16.69336120813369,-24.85908647133546,-5.520507109943898,-27.20954361398029,-46.70163258164507,-44.6438583183571,-34.78826848200593,-51.30864095002968,-36.22975744391914,-20.76350878944011,-26.39467130746226,-33.59864779340791,-23.56189866951991,-29.31700309475886,-57.2478842925404,-67.25309957486766,-46.65780575397911,-37.28966240827129,-22.33202922950504,-56.75895970579835,-27.05327911703819,-17.11640471556981,-7.743085953230568,-5.200573936994773,-25.61484374546404,-12.06285948527081,-8.815745813936866,26.71078119287845,29.05608124874825,56.87025316606774
105.8212128827896,83.79198819837609,56.94082065679171,93.66899013588684,104.9742327664543,99.90233222605679,83.11957111455561,117.1934623961673,99.53038531870916,76.88435311539368,90.53697517059214,79.08461573666764,94.73389089677468,107.3466873484974,99.02145883673921,77.32579132501884,127.2164817789385,131.1208624657981,121.8482192434148,106.2726862029706,125.5604145761766,122.5169012698348,81.54767826879787,112.5697331489651,113.1648553857339,95.03430505320092,78.43095291409134,81.40923225901376,75.54837335713523,87.04193037616849,53.96442561318231,59.78826976988704,62.21298793473191,77.37467541970059,61.1013246198676,54.92196415170734,16.30063034162901,57.21677839579785,38.43685674290918,26.61142323284312,5.308354866526241,16.2528586959225,35.62715497221537,26.4174597410347,25.23280735261576,7.921073931738444,-5.273781846298583,13.53677630544166,13.62438966521692,4.64170417225434,-45.28025081055402,-28.88726934991028,-5.91904127322721,-27.36769555573513,-35.14694933869521,-59.62397234685487,-55.40047350528449,-81.77195292541677,-57.55899713081834,-46.40008172075019,-49.1373478341904,-40.93037294006002,-48.96228307488303,-55.06688146972429,-59.27591840848619,-56.79795316634951,-35.82276306655915,-25.7065304832055,-22.18121104959439,-26.76044178306446,-19.64113892857875,-4.196156357097045,22.95825323218389,38.55394939266208,35.61274493862759,17.30918271458871,26.0545517830909,19.22428554820542,62.60863033286417,52.43360428719611
-3.407896852803652,-15.43188812632326,-30.395435448148,5.531700072724768,17.07703832515195,1.117927169505145,29.25759462447254,49.80745534253502,33.89718851500773,34.92861548279704,53.37633660417374,51.714052293587,51.97750769131125,60.6793814899296,41.43971852202976,28.48360911759217,50.33730260198073,26.83590931381665,25.74980224116154,37.09620542404014,31.78983242749158,48.88592388905459,32.57973187308833,51.55447075632692,73.83959791528039,26.36409119699504,7.027687840416975,14.53073248402628,-10.16723004834502,-15.17214907477321,-14.84800854243514,-25.33949720348228,-18.20339943909711,4.5945644644277,-22.70586078160865,-39.56611965292041,-53.16612640075376,-15.96301570243248,-28.88813172326029,-30.70188896438321,-51.16221913375475,-35.3773432924576,-40.46525506373069,-21.64972519106621,-16.31076917141856,-4.169344366883946,-22.85131474778662,-3.644098124361131,8.17345259807427,13.31092290746238,-36.58230408635973,-10.13016146188394,-0.9466896864153416,-8.442548957301149,0.3135310174959391,-31.67488229596194,-37.47531098746708,-46.38014366483255,-36.01760508136402,-37.27928643191942,-39.09835514931503,-24.11530185141067,-43.5905854485163,-44.97551705726329,-23.27297582783947,-11.42057631326134,-5.913229525162406,-1.742509758301108,-12.43764432538414,18.85044511175255,-0.5691527504676049,1.641276218313072,20.99648299641301,37.91376968785308,50.6083418451048,16.67452031093326,22.07139780913819,-15.60762006234248,35.1306913295473,-9.14423020853755
-108.2201345674897,-102.7354385777533,-93.93343693983951,-85.88924646745015,-82.29986208547375,-95.36596111424684,-47.86803992933901,-54.67607277252706,-53.00417719614836,-27.58142968186851,-21.27891046841912,-8.465751321011648,-22.0124961583831,-25.26508949651078,-37.15555185644528,-29.91766178095473,-53.60606082517859,-82.90140888724423,-76.29264922730999,-48.90145010512654,-73.87226930648212,-50.64467943876744,-28.58096919257112,-39.48159976638815,-20.15419076901937,-57.96293034129584,-67.80911511667421,-63.17588463901453,-86.97265561860867,-102.1372080043038,-67.98684797685456,-84.9029719074025,-80.24955552314152,-68.96483021411863,-84.90153432014918,-99.24769661224735,-79.81532706369588,-77.61075540026908,-73.31493673704446,-68.86654805111696,-71.20226518833989,-63.36633450778329,-89.08794567697987,-57.78447013384371,-53.0770648796777,-25.33972096992967,-33.80542002469935,-29.4675441163345,-14.58942337743564,-3.494394092281111,-13.39884202887848,0.8876899790009513,-8.304190908383493,-0.8928845549986203,18.1516006872131,7.443941567230199,-5.605383705966188,15.00900179170042,1.655214377957142,-9.385599491283852,-10.194872543486,0.05726083198570996,-13.28415321159109,-4.989143736404793,25.3525044704342,33.92336863089252,23.05344757412732,19.68060364012916,4.83127295750142,45.77651865270976,16.32803249707842,4.567601132794339,-0.863011328651302,5.723445688834531,18.70277338076004,-2.24776020977202,-5.418636158034726,-40.19626890213488,-22.34247591731064,-67.74442066853011
-124.4830894911771,-110.0989445478805,-84.13076744604315,-107.9343650730543,-112.6673662601666,-111.4559621292766,-86.66464021809375,-112.5975870535691,-90.41502734643686,-61.79937781720695,-76.57451138354222,-56.09925908015799,-70.3474655988428,-83.70731398621726,-76.95358153277022,-55.02736113248923,-103.0705306102088,-111.7176059494417,-102.0519556837865,-84.11338469106801,-109.5671420153327,-100.7708794510806,-56.92157055095841,-89.22658617867809,-91.00795874583758,-87.19427226932608,-82.48617913316247,-85.85861459334085,-88.00499217409464,-99.31327031313707,-60.36453390647796,-70.88296789529824,-72.69470218043283,-81.25687698620952,-71.3519512119401,-69.6210201369088,-39.84035999173324,-74.13444981416394,-58.28597917214396,-56.13743645173042,-38.48218347099749,-45.40198769922872,-70.71000999648824,-52.5159797963694,-53.4497679441107,-38.16396380234432,-30.53484241991239,-41.79458257542932,-35.73987734028796,-31.88715721578279,2.030520037626641,-6.227202101726672,-24.43798744389266,-9.895423035284098,6.52073007787613,29.28486061866763,18.27517021613016,50.9434122862079,26.97752681329405,15.85843263482182,19.04266887974602,19.09264919432679,24.56506316571964,40.1473887284443,55.89837678196177,51.55697704200328,35.9162535418058,27.95711970672065,22.27294142853349,37.38008133626218,20.15995167248308,11.78071309424718,-11.31676926536016,-19.16947874378572,-18.06599226113922,-9.690544826963531,-18.38164087958875,-24.96791974710407,-53.9593304939502,-63.04773499482339
-41.61582154906508,-32.83563401911859,-10.00613561295443,-45.35507094843528,-52.82949624643547,-38.19080368589113,-56.40400377539634,-80.5332577255388,-54.35873690847246,-47.79587001491027,-73.4934803746353,-60.88154238390422,-63.77475479820807,-76.16659237162152,-57.4700653841529,-39.03725582960086,-70.76819715302727,-51.99696925686254,-44.9900352086178,-52.72458927547972,-60.19631740964779,-74.02811448147732,-42.51795412527864,-68.46446758154713,-85.48927274369818,-42.65037971394243,-26.97836109954157,-35.72664519428533,-12.86585515052433,-11.77885748656757,-1.126497099493067,0.4613275857174049,-5.168363584193735,-25.01826080182239,4.1889280381733,22.9909597058786,35.30618197064691,-6.399958146447944,4.921635103541681,2.608696601731796,24.839084894814,8.809990450526438,4.909091662775376,-5.150047922547737,-9.760512329282077,-20.8360887434349,-5.599892403974184,-20.38751206682207,-28.38932017312938,-35.84139042076426,9.489156286504347,-12.0182180192939,-25.21102740540649,-11.79076601620697,-9.40446690591191,29.41009780676381,29.55641876047971,42.14157093601666,31.08705711489079,27.81272599996285,36.044219352897,28.67715386388533,48.87614224259195,60.39439032849791,50.49736129790354,36.76774858263902,28.38276776048751,20.08306220797004,27.75192279999302,3.719865069237176,9.41418931503298,18.81525778841849,1.165305112935182,-15.67346460788719,-24.18700034932716,4.081520835921323,-1.733571000066551,18.18426086395033,-34.06993126795919,4.079227504121136
72.51798907135966,69.68164620834489,71.25470363939861,50.9593206466658,46.225538387477,62.09770889217354,19.5957508313061,13.37956122058716,20.02406347947927,-2.309432916730634,-15.88746393923756,-23.30356143286828,-14.05217154014804,-14.69784018476383,-2.641470942533109,-2.944394903606293,6.912415965452356,34.53692066774002,34.85006558604175,9.013241112449929,23.30372990063922,-1.175136335062649,-6.582554390806405,-4.164193284987341,-14.9721870216103,31.62092830872758,48.54179881667245,42.84641973065104,72.22779932676646,82.19892395510952,56.23736187762001,66.18402902026639,62.67649380505819,48.18614753382609,73.22934263865727,94.6460437571566,83.16760953003654,68.53403215655042,64.87946122533833,64.39542943203433,71.98814783449845,60.50202195889952,81.1462892970107,50.47506202334259,48.23559135323907,24.1767183706412,33.18059089423234,26.93750157765298,11.39987307417106,1.785113212920276,20.68586355723139,4.843661886086396,4.828746735122392,12.14417568145123,-1.940873715890833,19.66404901102249,32.06579057535127,9.066009947400433,21.78900736195726,26.84989558028852,35.18078354303683,26.94471177476888,44.13912619057625,39.60861694232334,13.51789003732562,4.506022186945338,6.434232315244904,1.326768165322026,14.02574891260125,-28.7674447585095,-7.056798001650313,12.83055674978682,16.63256572091908,2.06158346129183,-3.935124579749163,18.43391487334829,21.56658702014251,46.64733582523822,12.5428729568604,70.71809413475356
128.1898838845834,120.6308708910804,99.63588576281569,106.6032994053406,105.9962060223239,110.0403421893568,82.02018977988321,94.52563491563377,73.14209474437956,40.40676525032227,54.17757281284916,29.66434022370904,41.43150724221632,53.13039361007165,46.06043491915643,27.73467134641642,68.78844016308724,79.59563686397283,72.82446198401982,52.44435512823831,75.7326915502892,61.84490183118069,23.94245135201782,51.41210037326638,59.54124810301512,71.72232747120519,79.05377235474035,82.62239210392055,93.14489720926467,101.6307269208412,62.03601092075223,72.4315859387073,74.13726925864711,75.2441463292257,74.77435901711797,80.26480760212696,61.86358671125031,85.25167143708074,71.39180131957363,78.53138823385169,65.45347809564475,68.13630097924489,95.65957667288626,69.13136895268974,72.50501108060246,61.30691881276083,58.11437332598373,62.0918365936901,52.22877021511034,52.7805849279522,34.46921808940763,35.5493309698278,46.84669157337581,45.18831386818365,23.5564345676068,8.147715412922697,23.87225862787555,-16.19162979882505,7.622547649820062,15.65193169797352,16.05855775412465,11.5240924254911,10.00156577459386,-11.08605735291404,-31.76011549073231,-25.00411716706951,-17.94475666692787,-17.04956643287217,-11.52922810281445,-37.32774525838961,-16.15399836252667,-9.30067511145905,9.836310217685526,7.516939749145132,11.81819929179303,9.620617576647,19.77171078919476,31.02680088208781,40.56908884040459,72.7972246648452
83.86242249524274,82.27037589753573,55.59312967115615,80.90644078992248,82.64974411312591,71.70915822354692,80.92707937962035,100.6842526771559,68.16370499571639,53.33918723897271,85.33867325329776,61.86503624355426,65.85994420164801,79.55918776394944,59.68435164002299,38.91831110300106,75.74374027858815,61.24558728190942,51.36475635520303,54.11020231993707,68.34489857895294,76.25130517242575,35.41564872440303,63.35310221992683,80.40368894580831,49.03495570998729,41.01580113524142,51.35863168817408,33.06255726398397,33.39923909181575,13.51777106819643,18.78420811646012,23.27650626856429,36.62556790986601,9.888165488979521,-6.711577044693604,-13.24744862287932,27.52813331499557,17.78300681784387,28.64231850421498,7.190585750373596,20.92087831673629,31.8454129418558,31.63500813566744,37.49375324269456,50.37035979278605,41.15262138081706,48.02626703884038,52.17541297999731,64.71670159561272,30.99957400305525,44.37173163742385,58.27366154064427,46.55396432207971,32.72910564059021,-7.658556224412969,-1.068838983930618,-20.83269333757357,-9.791526928684988,-4.358120837482828,-14.79447702119302,-15.0244426665368,-34.68378309964661,-57.48942361538064,-57.12500437323934,-38.56297119058313,-32.38299731792055,-24.04704447202322,-29.84227303389586,-18.37137179512426,-10.87509502427711,-30.99201378790365,-17.2042020906017,-5.070296331745668,4.391498174289068,-17.77279271556513,-9.278140974097704,-14.00676136967649,29.31383445060474,7.505209046088665
-24.32778466628509,-17.91913465506032,-28.68056097428507,-4.837938281783869,-2.309688483633409,-19.36242013154629,14.81514660170654,28.8085878831465,13.95359695236801,30.33362586804033,52.35544514291146,49.60676156898175,43.76888730534375,47.5826163918692,34.67382489889852,28.17056609587616,31.1141949782767,7.05635876615367,0.7444868327898745,23.08324465807853,19.41182864644638,40.84705518329334,28.13735730652592,33.702361254867,38.14441778711104,-10.06286970208019,-29.39360599514053,-21.83850171813548,-53.74578846413579,-59.26206764086273,-44.54161280596772,-45.44976004797108,-43.07882568490251,-29.40790552799022,-60.84762498200445,-86.70951924740831,-79.98846670950998,-55.4514424424958,-51.75896786208313,-48.89425464272853,-59.45609557050612,-47.56510813042037,-62.20315063471074,-34.90119745849751,-32.8557171948583,-10.69574227903269,-15.81778085701548,-12.67117906120287,1.289119519898707,14.0426196703831,-4.308306093411078,7.865891041745583,15.18965886264487,-2.776500234686842,2.548228052403431,-28.72988550661766,-37.02967397327209,-15.40398467674692,-28.46667370136247,-27.61440504083084,-41.88576278430943,-39.22755629121334,-60.19258480675987,-64.98564358306989,-46.45471319889541,-33.15951306837143,-29.50373876002819,-16.29683723928748,-25.98712479326773,11.58935643566616,3.182222462773588,-29.29412223502061,-34.38000913184317,-15.42624188259146,-13.02254563992242,-32.86298735329738,-34.16565518812111,-44.37189248985651,-2.468269636308999,-64.05950964849939
-112.8573502676921,-107.4975991499487,-93.74935132805076,-86.00520239736257,-82.61501830242757,-92.49383268864527,-66.2793523285861,-64.37744782352331,-47.37010662660317,-13.61477718665574,-23.80327374957785,-1.545536283730011,-10.66893774657133,-19.37600763094493,-11.19287983607552,0.565480296721941,-30.27085600185352,-40.27803378323072,-37.95806664512611,-16.20355147931618,-31.80784785988234,-15.82707872628109,8.155097566917865,-10.07128184066685,-26.86020563208892,-52.66476011580166,-70.29480370193829,-73.393068570539,-91.12835396153696,-95.47133329885384,-60.86432485631322,-66.33777520408174,-68.33374227760697,-63.90705583297498,-73.73256569642756,-87.17833554355484,-80.63640290762289,-90.77951417799106,-78.11003587593059,-90.48722610064785,-81.38246683402275,-81.80929131789622,-108.6168811109751,-75.5282375047303,-80.27383535089409,-73.65500564214373,-71.6867930652204,-71.61230499039388,-60.80072783630784,-61.99511250247834,-53.61823938763239,-51.39427920490277,-55.07327116928136,-68.73769394965186,-46.312394471715,-42.00840380199726,-59.0001583638856,-12.95042319830513,-37.37186113074493,-40.09615866605361,-46.08247458238251,-41.65047297816641,-45.42567895933279,-24.99405767113531,-5.845789876863464,-12.63245428084183,-10.31334208494063,-0.3175302462103675,-3.171577869376008,29.42453598274501,12.22676212808982,0.1111105517708958,-16.74381068604895,-4.055756445764531,-14.19748277220523,-13.26689071253706,-24.65765387303085,-31.40557599489077,-22.04985757633548,-75.87255683429623
-114.8338765353573,-120.2781390879698,-93.68590048751213,-103.0601800184941,-98.91616159709774,-94.38348357249798,-97.79792861714296,-106.681537253015,-72.63353704696891,-50.63967215663605,-86.88448012993507,-56.07596844653952,-60.38687626778026,-73.02033608253197,-49.95184484511532,-30.72963993476696,-67.75154493295209,-55.41532647055588,-45.49254965187571,-42.37310501318584,-56.12333612321392,-57.64123869128883,-16.3415403633406,-39.82228666703779,-62.27178179184562,-46.54609392435166,-48.6301918014547,-60.672564689755,-48.4681280343965,-47.90814054283928,-22.87253305880051,-30.67041204139541,-34.65352831402149,-40.04944606726577,-19.68871150956479,-8.867769868583625,-12.00899982800607,-46.31309249773113,-37.6981714764541,-58.10244186520605,-38.60891591193097,-49.613081637756,-64.72766561893542,-53.38098326238818,-61.30952420076498,-78.45393909901304,-75.39954713518219,-73.65054478149328,-75.5733960319747,-92.54750370558241,-72.17846839764172,-77.45730531274143,-89.63376572242166,-87.15196435656621,-63.56879514668891,-27.8381406720594,-40.05062941098527,-10.90339132616026,-22.23818663362938,-26.94724573101017,-18.40527890881123,-13.0878076544588,4.146185933533155,35.77112898938766,39.65925844507875,15.40072911407187,15.91687671195002,13.16413562489598,19.76920364459542,23.14215008943414,7.293393210944883,33.75819251876448,24.52306428686241,21.2673591180643,6.948527355083399,26.11696455170893,13.28983262028634,9.672017898772827,-17.09437706815792,-19.40810838989484
-29.38453841136231,-43.81824872835302,-26.64815529709507,-44.00981263138646,-41.52973632518489,-26.34714372866605,-51.51170466518591,-65.68955583441603,-45.62080015577381,-54.2659784888237,-84.88050595433826,-70.40666959898395,-67.29625370003625,-72.53120298395019,-56.52751090545105,-45.18429515667148,-57.96742392757879,-37.52884554560676,-27.51101305945958,-43.8350330137015,-46.43784454708269,-61.07546663741113,-33.56426444929534,-42.92578899552579,-46.11229175676326,-4.092840328958223,12.99817062758241,2.569142344653932,33.9520946512475,36.75106187220197,33.78042687593539,26.60604735133097,24.83301902173465,15.92638072391457,49.44539730034313,75.85218555854142,69.32564335366334,39.52886952501505,35.80807000882425,25.09635308211044,36.71076461942256,26.94179274311579,36.5321233137364,15.75857698807464,11.75542778661926,-11.37255978397214,-13.44369074044875,-9.223151445485101,-21.07636089071687,-39.93691365743203,-29.81213017734152,-34.52784723857808,-47.04852414605664,-26.06766193160926,-20.27231576538041,16.23851878261423,18.521793832491,2.900514175970535,16.4960689966754,11.26818457741115,28.05649515314127,32.0922945130925,55.84842631541557,72.98615767036756,61.19641565556171,39.60080876411492,35.44570852126783,17.74027345974664,25.55870845664318,0.4087346165173862,-6.147969683423624,40.12379319624738,49.08074056839313,31.14846652607891,27.47068362305253,44.54550065139379,41.32379409811637,36.63683960302176,-2.725573537441131,50.49942052727576
78.65331975053049,69.15341249008388,62.82427234852302,47.86519560850029,45.12472409623649,59.77780313942567,39.19624588919719,26.44741324799758,14.36455582022449,-16.97061997635555,-12.77063939397979,-27.30877395249657,-20.63251553347296,-14.94483066564475,-23.07724332953196,-26.91480174776155,-7.201102221302683,-0.1407869144523458,1.489190357694548,-19.16120216274341,-12.24908173747439,-25.77272283893052,-31.0756559911097,-23.01313356979974,0.8258227114144014,34.31778590844184,59.05791025001542,60.36565033217148,82.95351686262271,83.27305312303032,58.42601053364591,55.92732000497284,58.07914250709196,52.05372339054231,70.39679719529748,90.31365773498611,93.69099322549155,90.84084175435162,79.13661697399013,90.40694406717552,83.91126439199857,85.16721675574351,109.9882247018203,73.47386631852874,77.54534934781522,74.08207548167321,69.20161740273174,70.18069906525081,60.59881398215764,57.44724480230759,50.63170496304345,50.2544260966398,46.55047322476014,73.06761868253942,54.49872882377154,61.74252757885191,76.43046443147382,28.36713727533427,54.01947191218923,50.62898570874656,61.65118711317403,61.11512163244778,70.98220425516668,57.69940434495299,43.97530133522974,45.89893570345131,36.28100677570575,14.36735650557587,13.25045667373032,-18.88048064577343,-12.75905058640862,10.66751816475214,27.97028517614939,7.729142798522383,20.99792332245314,18.03601281274126,28.54161055379902,24.15564186118077,1.724900006731745,69.87956456192602
127.3064144086198,135.5006842171008,111.7415976730188,105.1593265295626,96.6864427908386,100.5897087945634,102.3718723901774,97.57079137684374,65.5146090109711,38.98666022429933,76.54791530276414,43.97044857199197,48.45933810890234,58.34166187684386,31.28456126754203,17.2951462120606,50.75872658412814,37.70887762179159,29.09793017480113,20.6382490769885,28.60089160772459,25.9207982815177,-6.337816609850712,7.226350221120712,38.08439992938769,38.09488586680709,51.02801115945016,64.13879260953618,57.98759236802695,55.13174262006476,30.52216394829915,35.84588909215483,39.72876040901529,38.56427637847747,26.56457051458442,23.47432168228168,38.42621433255214,61.86289769015627,54.12064440571613,81.09511805732129,63.41466234500142,73.47684513539798,90.35107025398926,68.41868864635092,77.86008593582169,100.2357465370718,101.2326192095511,93.4495434881748,95.50020756129138,112.8478787702931,102.191503505136,102.5342861659375,111.4093379749742,122.7521580390803,92.86462821946792,66.8518626638149,81.90653957491342,43.75953953399426,56.23425626262625,57.71825987974721,53.60811865649482,47.00973462036024,34.29066765008007,-0.6882238059333701,-2.938197801527629,24.50043212286342,14.82186404498801,6.82899660671792,-3.715917419440925,-19.79331831652815,-3.271149234200267,-29.41310914802486,-23.71683587347086,-31.26208340895424,-10.86812634415116,-31.5842861562048,-14.54662183884198,-11.14855465087817,-3.560370945582597,25.64823514016544
78.82321060781186,101.8008721637621,81.44606980507038,84.79091461140651,75.81358841740762,66.45403099616054,84.31588308459688,91.48955173335749,70.38150686270036,71.20560400314412,109.2054279376934,84.90183895455223,84.43149361422732,88.97092619363386,67.33044346497203,54.53912486204999,73.51700561186047,54.89770906580235,43.43454159555495,51.66026859792344,54.5246676557444,60.57798663637246,25.66705625134354,32.47401039142066,40.23002547249063,10.42463652303225,-0.3687385640040273,13.63613357685559,-15.01402863640444,-16.97907172547649,-23.45893692845524,-11.7911944378642,-9.808309213897028,-7.741129179176653,-38.94571945442292,-61.92152708825297,-50.84508984993871,-21.61280027157649,-18.12277212914265,2.896793825491637,-8.902492446374801,-1.861477808985294,-8.409555259980735,3.089911822317852,10.39568109499485,37.28141895984358,47.86545921665283,34.55470385754537,45.40411900475642,69.87277418565462,71.20069055663225,67.55404594700903,83.34239229148056,68.07076880936923,50.80538920765865,15.26587130091627,18.84019040486723,24.65538825579753,11.21562124543529,18.41220446366919,2.914353104295116,-6.499664242907582,-31.21472599380166,-60.12696903379348,-50.98199736934145,-19.14267425900006,-19.83400762517719,-3.521187259814565,-12.53436248910465,-4.54810323745491,14.04006398814086,-43.51851397633257,-57.76210626804622,-46.36079880397241,-36.96779703550694,-54.62665991375849,-44.73795686566575,-29.88304417898671,-2.112973157104142,-35.86311420307211
-30.96867360472146,-12.19529887033121,-11.79823444175554,0.2936585823720583,-1.1313573404653,-17.47840754523315,-4.23237805556313,12.70797586468276,22.19242404480149,48.35602932987466,51.66352415033662,55.52894345112237,51.40537078549872,47.63667568143655,52.82150114146602,49.43545794576085,39.86722618843904,36.17399517504211,32.48486442808552,48.61719458831896,47.35359507189425,53.77012384684887,40.30099172405,39.44383489627038,13.4923236570462,-19.96349203910328,-47.65632048693234,-45.43328403849274,-70.04677848589527,-67.49393521031583,-55.1286713141704,-44.40815634751225,-45.91812889188556,-42.53868199047907,-65.58284486263902,-88.79298811880417,-98.09979672314736,-85.18394369817051,-74.76478926678486,-78.58357091222364,-73.52051944163826,-78.26738309991273,-101.6281444766181,-65.84651153446501,-66.87029898155482,-63.69010680273485,-52.11747640999765,-59.18513497645795,-51.51550225290299,-40.33023434923309,-27.35560996960153,-33.21451384282349,-22.83159451306976,-55.21762213863863,-44.43281074249071,-60.15414912603342,-70.07289136215745,-25.57195364287911,-52.35607126997373,-43.52752497285353,-57.01861823178579,-62.25004363230337,-78.08752006420758,-76.76981891311121,-68.60061642830483,-60.03655289513583,-47.59232295638412,-16.31262746640175,-12.17824200775728,10.9611366116094,19.80554549098647,-18.48878859190032,-39.15408907478561,-16.7163703490012,-28.27701465595801,-23.53588248917692,-29.97848048119099,-12.34424951558515,14.07848450987419,-56.86762559310679
