-275.933,-251.419,-102.709,-214.057,-396.991,-255.764,-458.535,-370.668,-330.455,-476.670,-293.360,-264.201,-49.688,-147.101,41.736,-1.576,-105.023,21.312,-56.621,-124.827,-246.980,-151.464,-43.734,20.688,-80.695,-16.646,43.592,-144.670,-30.658,-52.852,16.544,-443.031,-390.775,-244.801,-310.667,-68.111,100.947,-121.483,107.530,259.914,143.632,-139.524,-85.029,-89.378,112.349,-85.221,-53.714,-13.326,143.438,15.563,35.310,20.606,-55.274,54.824,-60.406,26.148,-38.355,47.757,-138.974,-20.363,-14.170,-47.760,-4.358,-260.220,-22.194,138.601,64.162,66.388,411.674,266.763,287.922,510.436,359.756,108.521,55.251,113.078,151.285,145.273,156.702,171.059,189.815,96.779,125.799,165.692,175.490,193.790,326.121,180.157,-40.516
71.939,59.331,244.249,133.356,-10.817,124.846,-100.814,21.941,65.398,50.722,153.537,268.980,391.255,261.544,447.824,422.082,378.468,426.809,410.675,341.474,177.107,197.321,312.827,339.873,116.860,188.319,231.165,-8.587,33.868,-70.829,-144.393,-592.832,-558.453,-468.279,-521.421,-449.221,-268.374,-356.009,-110.394,64.815,-89.005,-305.109,-266.860,-339.894,-92.551,-246.659,-289.798,-164.967,55.323,50.414,20.572,-17.120,-53.110,102.015,18.346,156.802,-118.691,-109.836,-267.551,-150.521,-23.745,-91.481,-25.149,-213.585,-106.316,-0.238,-1.766,-20.948,234.808,-49.881,-40.124,35.377,-14.922,-371.104,-350.816,-270.409,-128.870,-189.828,-167.240,-305.553,-205.836,-349.808,-269.776,-296.109,-258.560,-106.485,-54.661,-136.952,-314.848
511.307,490.739,686.745,557.544,477.791,562.099,320.905,447.125,495.376,607.696,590.231,740.917,755.094,650.730,789.113,803.651,817.662,789.140,847.147,748.892,568.582,459.981,546.723,551.428,279.698,309.575,344.743,83.040,59.107,-105.016,-251.880,-582.358,-612.303,-570.934,-650.051,-740.342,-538.766,-540.715,-312.075,-178.454,-348.543,-418.358,-417.437,-527.489,-320.765,-375.747,-469.163,-356.639,-119.428,24.123,-66.002,-131.619,-115.154,51.800,-22.765,175.437,-252.367,-296.930,-428.645,-331.951,-118.704,-164.150,-115.418,-230.445,-309.302,-309.977,-244.635,-217.401,-91.034,-483.856,-468.114,-532.136,-464.285,-858.084,-762.659,-716.338,-511.949,-614.570,-543.891,-781.632,-624.148,-797.369,-658.948,-674.986,-582.570,-305.340,-364.693,-384.849,-483.220
889.597,851.570,1023.309,873.939,872.635,880.821,642.612,736.333,791.442,965.043,817.759,917.367,843.376,798.085,878.312,942.425,979.678,912.658,1037.355,858.991,727.338,494.008,536.299,534.972,302.493,264.595,300.804,53.715,13.612,-143.426,-270.924,-402.798,-496.039,-492.155,-622.174,-795.628,-578.048,-562.645,-376.967,-328.682,-491.220,-400.110,-436.826,-565.323,-449.253,-384.626,-490.033,-468.997,-292.278,-46.811,-185.775,-265.938,-219.142,-90.360,-182.233,66.210,-402.455,-447.532,-578.104,-516.837,-276.465,-263.422,-256.943,-308.535,-565.539,-679.987,-583.360,-468.297,-451.227,-891.847,-847.019,-968.469,-796.125,-1114.330,-994.105,-1013.455,-813.556,-928.580,-799.650,-1044.009,-894.332,-1058.106,-866.227,-814.798,-676.939,-342.849,-505.355,-495.224,-493.421
1076.829,986.089,1097.119,950.253,1028.840,958.879,742.473,774.467,846.890,992.593,745.868,709.564,587.883,598.240,632.156,734.943,753.593,708.561,872.561,579.574,558.724,257.991,267.617,262.969,132.074,43.098,79.478,-122.830,-120.300,-197.177,-230.564,-141.586,-246.340,-275.506,-446.564,-586.316,-370.448,-392.400,-262.219,-303.205,-435.447,-238.944,-286.363,-433.936,-403.685,-239.040,-323.101,-408.759,-356.032,-106.849,-260.946,-327.562,-287.766,-244.289,-370.321,-108.214,-501.604,-493.917,-654.820,-627.908,-414.260,-350.137,-384.384,-385.070,-744.004,-927.400,-840.725,-653.285,-676.976,-1106.010,-1022.019,-1098.491,-859.994,-996.522,-920.716,-998.964,-870.902,-961.148,-795.706,-967.436,-901.014,-1016.947,-795.517,-675.088,-539.751,-249.919,-477.918,-484.694,-389.509
1027.144,860.547,884.146,775.034,924.316,784.933,601.411,561.252,666.348,719.154,440.313,225.011,94.417,121.751,119.119,230.321,212.456,239.547,406.233,15.312,125.277,-163.167,-155.541,-179.140,-196.477,-281.507,-257.730,-398.341,-321.956,-282.978,-194.294,72.017,28.959,-33.289,-201.399,-205.387,-12.526,-94.172,-21.699,-118.079,-201.759,3.994,-7.084,-185.384,-195.029,17.504,-30.836,-168.234,-249.348,-96.748,-221.425,-244.690,-239.854,-306.639,-467.931,-249.359,-496.153,-406.717,-612.551,-597.169,-440.063,-370.841,-423.147,-379.568,-723.270,-896.931,-844.809,-654.166,-638.061,-1016.915,-908.049,-882.237,-624.837,-534.826,-545.915,-645.830,-630.854,-664.001,-506.846,-581.271,-640.571,-686.934,-477.654,-336.907,-266.478,-110.545,-358.645,-421.316,-268.505
798.402,580.133,508.810,461.949,664.829,461.729,314.860,218.957,361.526,312.232,86.706,-286.876,-406.155,-418.404,-466.829,-385.881,-417.041,-312.214,-172.310,-588.430,-383.536,-597.988,-561.217,-628.913,-570.209,-587.259,-596.103,-671.300,-531.897,-402.579,-215.649,137.417,205.743,119.762,9.126,181.444,340.963,208.102,224.486,123.174,98.235,224.804,296.951,82.507,83.907,277.820,256.850,155.502,-5.824,-0.367,-58.819,-23.518,-57.009,-226.088,-410.764,-291.788,-391.752,-224.380,-456.173,-415.076,-322.471,-301.870,-344.307,-258.872,-477.286,-561.614,-541.760,-433.078,-326.972,-638.297,-538.688,-433.538,-197.096,78.124,-7.758,-84.615,-182.864,-144.469,-44.732,-56.438,-222.183,-200.824,-51.192,52.827,18.177,-0.700,-237.224,-366.210,-210.989
517.916,324.476,175.289,186.359,419.871,152.834,45.680,-64.581,92.781,-12.263,-112.424,-567.401,-676.552,-776.190,-895.463,-874.515,-864.010,-735.343,-632.544,-976.096,-747.881,-873.306,-792.967,-923.011,-853.028,-767.322,-826.838,-842.891,-680.282,-535.097,-307.487,28.710,201.076,122.920,101.439,410.624,548.501,388.326,351.266,284.410,317.069,325.985,502.355,267.823,301.542,419.681,401.409,399.450,248.204,131.056,152.215,236.117,184.177,-47.729,-238.956,-248.249,-263.457,-45.014,-252.982,-152.790,-126.888,-179.091,-194.833,-74.830,-111.063,-57.806,-45.369,-68.013,121.531,-112.565,-57.459,41.347,233.335,584.808,482.753,456.794,284.695,383.305,392.541,382.029,187.311,256.238,311.999,361.595,230.309,55.476,-160.593,-330.994,-230.828
312.027,238.826,52.189,88.635,325.443,-0.135,-60.422,-133.334,-15.042,-103.612,-52.488,-488.118,-598.387,-799.490,-1008.476,-1053.390,-945.757,-889.225,-815.349,-1012.943,-827.938,-899.319,-783.791,-974.603,-955.306,-785.406,-901.624,-872.278,-726.243,-646.160,-439.898,-203.811,6.773,-11.818,41.495,387.325,535.986,371.624,288.411,266.443,343.023,261.916,518.775,304.238,350.785,366.385,322.013,416.976,355.081,200.041,287.490,386.799,344.931,109.447,-73.781,-196.769,-214.322,24.855,-102.383,66.778,15.477,-84.549,-74.863,58.824,186.969,376.532,415.107,282.511,494.803,352.817,348.882,351.980,491.040,794.391,743.269,766.567,582.675,705.757,620.773,569.465,445.162,536.253,494.035,529.903,357.913,87.583,-115.565,-277.697,-273.779
238.458,346.246,177.241,198.050,408.880,52.901,46.964,49.641,61.251,46.324,210.625,-120.348,-235.465,-506.617,-792.184,-881.057,-654.188,-762.566,-704.348,-744.606,-628.607,-709.609,-582.141,-811.179,-878.343,-689.678,-849.264,-794.663,-680.165,-704.821,-561.587,-468.224,-311.485,-220.013,-150.487,118.438,314.589,161.698,50.614,56.730,153.581,60.528,328.597,184.495,202.729,128.554,37.465,161.586,217.195,123.132,248.093,321.193,309.273,132.582,-32.633,-216.300,-302.944,-60.710,-75.913,139.211,-6.950,-92.180,-70.617,41.411,254.753,531.608,623.477,468.373,617.950,587.597,541.903,418.934,503.161,676.001,708.881,755.128,619.583,718.481,565.772,480.496,497.520,592.467,483.084,579.879,441.621,143.996,-55.350,-157.710,-261.981
260.099,535.057,438.360,420.057,578.302,249.974,294.673,375.385,231.343,302.912,487.912,304.461,200.578,-72.083,-378.640,-471.958,-152.248,-464.369,-420.738,-356.554,-285.734,-435.883,-318.401,-552.803,-707.245,-576.564,-745.003,-689.655,-591.314,-694.887,-626.850,-675.255,-643.058,-423.458,-413.124,-296.176,-35.978,-165.195,-273.050,-264.052,-173.820,-187.757,-2.235,-38.748,-75.408,-195.410,-337.621,-275.327,-134.295,-104.862,31.929,49.279,69.299,0.799,-138.163,-315.760,-487.289,-244.113,-164.356,48.097,-200.687,-207.765,-186.221,-136.554,62.077,348.759,505.100,436.586,453.571,544.128,498.455,303.704,329.305,363.350,460.171,496.124,445.136,476.491,301.441,230.523,394.222,486.315,363.951,577.682,526.435,248.403,53.597,39.706,-152.631
275.869,630.769,642.827,593.924,681.782,455.400,525.409,642.854,342.107,465.846,562.526,522.273,464.030,268.777,23.664,-35.963,314.794,-158.330,-148.970,-62.558,14.626,-233.134,-132.296,-343.270,-556.071,-526.585,-653.773,-620.930,-507.649,-613.838,-611.438,-767.426,-873.314,-561.816,-664.362,-705.827,-403.083,-492.501,-560.866,-559.890,-497.330,-368.377,-347.460,-273.067,-348.009,-462.287,-641.989,-698.483,-538.552,-386.336,-246.706,-287.540,-248.140,-183.990,-286.122,-409.709,-628.726,-381.838,-270.704,-114.485,-443.099,-348.325,-324.620,-368.646,-258.673,-39.647,174.623,263.167,124.624,317.263,315.645,159.118,118.506,71.245,175.067,179.879,215.046,158.799,7.819,2.343,249.092,338.425,257.128,579.712,621.227,378.739,198.877,264.429,28.147
190.798,509.463,633.656,587.184,600.677,535.072,584.999,668.225,264.754,381.885,315.761,381.379,405.742,342.943,232.254,225.808,543.253,20.238,-37.308,10.598,136.229,-197.337,-101.318,-272.419,-497.805,-551.963,-585.431,-588.373,-435.798,-463.860,-512.391,-724.373,-920.648,-603.719,-822.570,-965.856,-678.014,-706.432,-709.221,-701.920,-674.510,-391.458,-569.532,-419.843,-472.761,-550.198,-739.909,-901.712,-780.660,-559.758,-410.115,-483.739,-439.804,-249.776,-301.055,-364.726,-565.110,-322.123,-262.090,-197.447,-544.965,-383.637,-339.092,-486.119,-483.571,-382.675,-130.454,105.554,-155.921,86.418,150.877,131.782,20.156,-25.900,31.115,5.992,98.484,-32.146,-127.774,-57.691,171.262,255.429,244.962,597.715,692.696,481.453,325.795,425.471,197.649
-16.855,182.510,383.451,372.003,321.576,427.038,409.095,389.994,-29.269,31.746,-197.737,-75.573,48.960,123.849,173.457,214.984,463.804,21.267,-127.794,-122.117,56.610,-320.086,-207.279,-332.140,-521.102,-588.740,-491.879,-526.555,-331.344,-246.161,-339.132,-552.880,-759.415,-541.103,-826.571,-988.098,-783.405,-733.752,-669.754,-625.267,-624.420,-230.199,-575.234,-410.243,-367.942,-415.584,-582.612,-773.221,-706.972,-487.270,-318.485,-386.368,-342.529,-64.436,-51.148,-92.079,-215.575,-2.082,-55.162,-85.770,-367.979,-220.468,-129.653,-362.615,-432.424,-456.880,-193.462,102.951,-208.854,12.162,130.877,274.423,100.840,115.672,112.070,75.406,181.960,20.401,-11.306,85.237,207.116,274.923,328.291,601.146,693.990,508.921,373.472,442.614,266.465
-273.520,-201.671,9.286,39.182,-55.570,169.067,59.471,-91.372,-446.928,-456.732,-770.593,-637.270,-430.091,-266.399,-94.573,-27.252,157.460,-113.964,-349.836,-334.196,-136.556,-502.339,-355.402,-429.030,-539.827,-538.663,-307.927,-352.757,-130.162,33.523,-107.127,-276.700,-425.137,-380.386,-653.918,-768.087,-688.835,-562.951,-460.227,-354.538,-360.195,67.555,-354.696,-231.679,-53.293,-113.111,-230.222,-356.935,-316.437,-142.858,38.440,5.772,59.822,364.639,449.176,373.133,347.297,495.024,317.040,216.758,75.141,123.040,275.833,-4.935,-86.252,-200.298,46.907,286.109,6.871,146.180,281.136,517.828,312.997,397.650,369.134,341.058,423.900,289.530,310.873,347.333,323.391,356.684,435.858,549.169,604.144,452.687,317.544,297.244,193.775
-449.419,-442.790,-299.904,-257.573,-377.082,-130.124,-311.792,-565.225,-820.480,-876.569,-1150.598,-1041.240,-803.428,-632.955,-425.404,-355.816,-206.361,-292.232,-573.948,-476.375,-308.324,-616.025,-431.721,-444.592,-449.757,-335.211,-8.280,-33.851,197.214,351.066,160.387,65.384,-2.642,-140.909,-333.059,-380.914,-415.952,-244.176,-149.692,11.636,20.907,399.534,13.766,65.261,355.838,230.807,175.802,164.753,226.614,353.458,517.008,523.052,606.875,868.564,1018.507,863.246,909.601,963.865,703.231,572.945,605.505,505.399,712.683,431.807,388.517,246.782,454.297,553.725,370.768,405.554,514.810,715.195,529.048,646.748,655.032,641.333,683.065,626.938,681.990,584.819,436.088,419.012,475.888,426.513,448.614,349.316,189.680,49.623,13.421
-437.570,-410.315,-398.454,-392.934,-525.912,-356.792,-549.640,-826.791,-997.424,-1053.006,-1176.672,-1116.075,-915.520,-816.116,-666.301,-606.228,-468.610,-425.257,-689.605,-466.462,-358.055,-576.989,-365.768,-307.654,-198.551,6.927,358.258,373.019,604.457,654.092,426.851,417.024,399.592,140.364,58.481,51.314,-33.324,130.427,171.645,347.206,383.432,652.563,396.660,383.861,699.561,477.287,476.327,559.789,670.525,782.702,883.963,904.785,1034.958,1195.244,1391.533,1154.805,1216.366,1177.530,906.634,781.883,965.493,728.615,957.502,721.541,729.160,620.744,772.578,731.895,671.612,624.494,685.330,729.125,616.328,715.303,807.695,793.084,800.596,848.322,921.272,678.485,463.434,393.160,394.860,257.801,286.090,255.178,60.083,-189.727,-184.949
-225.102,-126.537,-270.472,-341.384,-487.119,-454.942,-582.982,-790.671,-922.628,-935.868,-865.890,-868.542,-760.547,-770.254,-732.752,-679.799,-558.854,-471.609,-661.752,-328.117,-272.418,-389.040,-165.831,-38.099,172.741,389.510,681.941,735.696,972.484,868.899,642.579,708.063,682.731,407.958,415.435,407.244,360.506,459.104,424.347,553.331,613.433,750.635,662.929,618.146,846.462,538.024,564.343,661.030,805.827,935.895,938.467,938.029,1116.809,1148.203,1363.197,1090.897,1108.635,1011.589,795.045,695.674,961.705,649.637,852.908,695.097,728.458,687.707,778.528,681.129,729.265,651.692,670.490,508.610,507.079,555.397,734.177,689.103,686.060,830.794,915.917,593.060,369.710,261.362,206.952,91.853,171.054,207.692,-6.075,-318.787,-307.562
88.918,242.274,-34.336,-185.564,-348.359,-448.524,-458.636,-534.098,-665.038,-621.068,-401.090,-468.569,-471.708,-572.992,-637.742,-584.222,-512.837,-444.928,-537.488,-162.065,-123.028,-137.413,88.666,261.566,541.488,677.479,846.549,912.539,1160.878,926.743,756.893,871.494,788.923,599.853,641.987,610.073,665.198,664.909,562.712,596.036,664.847,686.375,740.643,696.213,754.204,412.493,428.881,446.648,575.935,726.886,624.395,577.795,789.168,705.319,909.991,676.401,618.486,520.007,383.814,313.085,578.452,270.027,405.234,341.809,357.832,380.072,417.675,385.066,494.972,435.995,439.194,112.800,225.216,228.126,449.199,346.543,359.160,568.442,668.361,380.350,176.159,58.159,-21.336,-31.378,118.389,199.421,9.855,-298.879,-309.423
344.361,484.131,137.163,-56.978,-235.763,-411.144,-301.584,-242.898,-372.956,-289.638,-25.247,-143.904,-233.017,-365.492,-465.757,-411.746,-427.482,-391.087,-405.755,-74.959,-15.593,61.222,289.916,460.525,762.464,767.531,792.380,829.920,1080.691,797.939,738.882,868.999,719.340,670.973,690.073,649.601,811.237,720.034,583.395,511.605,572.701,521.604,646.290,611.513,488.548,183.245,154.110,44.928,107.398,244.700,67.689,-21.778,193.227,44.388,214.116,85.643,-37.368,-84.764,-160.869,-209.594,-8.520,-253.611,-206.486,-178.891,-213.644,-164.346,-158.675,-34.393,72.459,51.965,64.434,-327.361,-138.983,-147.879,52.718,-114.882,-71.516,160.520,278.306,132.248,-61.927,-159.973,-217.537,-107.263,94.726,182.721,67.695,-173.746,-217.154
412.706,470.548,130.533,-46.396,-226.205,-404.393,-226.536,-92.004,-183.994,-100.071,97.093,-47.146,-167.765,-263.181,-312.338,-272.859,-387.322,-352.880,-338.912,-113.187,-23.886,122.509,355.368,468.829,741.371,639.353,549.543,524.962,746.392,514.103,595.202,710.812,530.592,615.476,579.384,574.197,784.292,650.608,519.433,380.191,428.965,356.322,472.123,426.387,191.160,-26.361,-124.006,-337.039,-357.722,-287.369,-485.274,-586.031,-398.109,-544.349,-427.835,-426.825,-567.467,-540.681,-605.347,-641.041,-528.782,-689.578,-720.369,-625.592,-716.369,-682.725,-677.577,-385.624,-348.697,-346.193,-321.013,-681.676,-483.567,-468.856,-332.499,-544.154,-472.965,-252.457,-121.740,-80.079,-291.653,-351.922,-347.805,-167.618,42.977,102.685,94.060,-42.035,-109.282
276.594,237.074,-33.024,-140.762,-292.664,-426.208,-257.291,-133.708,-143.385,-96.836,-28.720,-171.700,-268.864,-289.888,-226.679,-226.797,-409.115,-343.623,-351.655,-240.249,-146.794,37.654,265.807,284.147,483.420,362.338,222.417,128.014,275.674,163.263,372.927,455.883,309.601,472.382,386.586,458.354,628.779,519.667,423.227,282.549,333.863,280.051,337.082,243.566,11.232,-110.758,-281.718,-520.945,-590.265,-626.442,-795.752,-865.509,-726.368,-811.426,-761.331,-662.644,-759.615,-674.333,-773.151,-803.492,-767.630,-856.889,-930.592,-810.921,-934.205,-937.757,-899.236,-518.135,-603.500,-611.790,-596.637,-882.190,-742.171,-692.017,-621.631,-833.092,-752.574,-561.396,-434.051,-239.785,-486.142,-509.455,-430.030,-255.249,-75.627,-61.952,30.890,0.804,-66.864
45.864,-36.536,-209.259,-227.854,-319.512,-405.137,-307.029,-264.071,-180.117,-188.637,-236.109,-363.048,-409.444,-371.024,-189.148,-248.941,-435.848,-341.858,-398.162,-365.365,-309.842,-124.181,72.164,-6.815,92.963,57.756,-63.364,-203.642,-163.581,-142.558,143.561,189.303,137.480,308.024,207.317,363.370,426.608,395.720,344.682,261.444,346.218,328.266,325.266,156.957,33.767,-29.803,-261.994,-443.562,-492.475,-636.272,-756.092,-766.740,-684.162,-679.782,-705.896,-583.802,-591.694,-490.074,-638.936,-670.435,-680.308,-722.958,-794.889,-703.698,-821.945,-848.265,-750.402,-408.468,-638.144,-681.289,-710.869,-939.909,-897.635,-831.385,-791.995,-951.421,-885.779,-727.470,-627.065,-371.785,-641.012,-644.425,-508.083,-388.586,-249.161,-275.349,-122.536,-81.773,-123.974
-104.063,-137.155,-223.896,-168.328,-180.879,-247.592,-235.207,-290.871,-156.085,-209.114,-300.779,-415.893,-424.186,-385.192,-132.790,-251.269,-378.962,-305.822,-403.832,-399.438,-406.013,-251.840,-128.353,-269.736,-272.604,-158.704,-218.137,-360.584,-429.079,-311.618,-24.314,-11.958,59.231,183.854,110.513,311.756,260.099,321.749,312.251,305.586,456.338,465.004,442.986,204.917,239.432,175.256,-95.230,-178.230,-142.492,-355.150,-439.944,-394.466,-364.932,-279.373,-387.399,-323.677,-235.605,-159.275,-336.442,-374.424,-403.000,-415.029,-448.420,-436.344,-517.059,-524.434,-358.873,-169.696,-523.608,-596.095,-692.076,-913.830,-961.824,-915.817,-863.667,-930.548,-897.451,-771.171,-719.159,-498.433,-750.630,-757.927,-606.444,-539.876,-413.371,-453.565,-300.155,-244.986,-246.477
-38.260,46.144,10.248,107.962,165.732,89.785,52.502,-63.105,41.048,-23.965,-78.211,-198.956,-211.525,-240.400,7.941,-140.702,-179.193,-196.919,-309.072,-301.739,-350.523,-245.473,-233.391,-383.073,-468.818,-221.510,-217.171,-321.873,-460.937,-306.038,-89.626,-106.567,73.562,128.435,109.909,287.763,177.523,299.984,324.173,362.203,593.916,600.697,616.655,350.144,515.642,403.045,121.344,115.288,256.821,31.813,-52.787,16.620,0.620,133.696,-54.553,-99.982,47.392,83.090,-75.921,-121.195,-157.584,-139.402,-117.927,-215.379,-243.273,-191.542,27.806,19.890,-394.389,-462.831,-613.387,-858.939,-944.513,-946.410,-858.988,-817.729,-819.367,-729.468,-735.838,-599.784,-786.761,-817.439,-698.199,-642.273,-482.741,-502.318,-399.428,-385.439,-350.377
249.968,445.441,425.938,541.710,630.851,549.513,524.813,418.441,418.090,379.445,405.610,264.778,202.999,70.226,251.860,120.427,151.809,0.014,-99.569,-92.284,-120.661,-60.818,-175.872,-287.274,-418.102,-127.112,-90.357,-143.350,-291.877,-148.913,-48.848,-95.903,146.083,130.320,167.925,260.981,178.876,299.746,353.683,370.134,666.512,637.238,732.859,498.166,713.317,539.660,273.699,280.971,492.830,299.200,186.744,238.659,181.932,324.474,68.547,-83.320,58.346,73.592,-20.496,-64.035,-111.956,-58.273,10.675,-192.220,-169.891,-52.895,187.554,24.298,-356.229,-381.403,-538.502,-789.835,-838.808,-887.687,-775.214,-638.438,-659.808,-617.707,-676.812,-611.153,-701.249,-763.349,-711.283,-623.633,-396.763,-364.110,-335.853,-396.205,-348.610
624.902,845.914,828.613,960.759,1024.819,981.474,1020.220,981.278,859.765,874.100,963.328,806.941,677.105,463.113,555.051,486.428,532.084,267.160,190.383,169.877,236.051,273.600,50.673,-2.778,-131.061,84.057,111.749,90.541,-12.826,95.007,70.737,-10.543,235.772,154.763,227.612,216.111,227.818,282.741,365.784,295.480,609.039,518.359,699.668,546.491,720.914,510.824,285.612,246.217,456.146,305.498,165.908,175.593,78.726,206.433,-93.505,-300.272,-228.848,-190.881,-194.888,-216.044,-282.692,-198.617,-107.660,-374.294,-315.134,-175.975,45.703,-171.745,-422.627,-386.913,-484.394,-682.267,-634.901,-699.910,-591.562,-393.671,-408.780,-425.183,-518.734,-464.101,-457.116,-546.031,-572.949,-448.832,-155.711,-51.027,-92.495,-224.999,-200.207
880.955,1010.549,1004.997,1168.852,1157.105,1212.543,1326.777,1369.512,1187.816,1259.026,1349.533,1204.399,1027.149,808.384,831.165,846.874,848.480,556.241,497.387,421.522,623.813,669.371,388.584,384.940,306.383,355.525,346.783,314.775,278.642,350.540,226.969,111.310,317.313,171.251,251.213,168.334,280.128,229.851,336.933,150.920,418.858,259.973,496.521,439.329,518.574,315.567,152.042,50.069,190.246,65.178,-69.371,-94.451,-230.437,-123.223,-436.929,-626.846,-660.302,-559.756,-479.369,-452.796,-537.155,-446.062,-365.643,-629.007,-550.014,-466.918,-295.385,-459.271,-517.683,-439.174,-422.588,-507.319,-350.014,-388.041,-304.332,-89.987,-73.276,-145.725,-250.841,-145.324,-70.125,-171.931,-266.498,-147.218,172.737,352.281,262.071,94.304,64.179
862.751,824.451,849.798,1057.380,947.725,1141.566,1302.619,1390.695,1262.005,1371.012,1397.562,1298.440,1123.635,995.130,994.032,1079.193,1009.187,800.744,755.782,618.979,935.764,1011.388,733.593,760.034,766.693,632.136,584.414,500.702,514.389,556.829,376.908,237.942,385.641,171.993,240.219,153.106,309.458,152.334,266.609,-11.543,157.915,-55.458,185.806,198.365,185.317,26.683,-63.393,-190.078,-145.312,-269.832,-354.286,-379.484,-545.562,-455.637,-753.964,-871.823,-998.523,-822.729,-689.394,-600.099,-688.038,-623.268,-581.282,-773.875,-693.513,-741.384,-629.902,-675.533,-538.356,-461.517,-313.934,-270.852,-47.730,-28.473,39.074,226.059,288.002,183.243,85.495,267.582,369.137,272.850,136.248,190.239,478.193,716.255,597.368,451.961,352.775
562.562,371.738,434.594,674.755,484.614,804.403,965.070,1033.220,1062.835,1177.097,1110.357,1075.581,953.459,980.871,997.711,1105.310,980.401,934.428,916.907,740.083,1089.057,1196.293,967.334,1013.141,1118.708,860.467,788.565,637.714,660.281,675.474,482.847,343.757,441.968,168.769,224.610,196.355,314.273,80.203,173.751,-130.622,-79.844,-318.486,-120.177,-87.954,-143.735,-242.323,-263.946,-349.690,-371.929,-505.063,-509.863,-496.158,-670.467,-601.717,-863.352,-895.558,-1062.055,-832.659,-689.896,-548.361,-616.318,-601.170,-612.018,-693.132,-633.136,-841.657,-775.021,-703.170,-431.680,-399.825,-150.082,-28.349,174.759,252.069,338.142,462.230,564.016,468.339,387.962,623.094,714.968,642.771,491.302,443.763,650.183,912.444,775.225,708.672,552.780
135.300,-103.262,-23.637,210.445,-10.449,367.364,491.568,481.366,705.727,793.497,654.052,667.480,617.571,801.292,853.360,923.335,791.120,912.350,955.384,772.317,1046.684,1163.478,995.641,1068.734,1259.609,982.969,901.236,703.138,698.473,685.648,512.591,400.595,474.176,172.103,230.054,285.333,303.730,35.661,80.116,-172.236,-219.009,-446.413,-318.690,-311.618,-347.230,-389.324,-369.646,-364.550,-391.457,-517.649,-449.229,-379.462,-529.912,-502.468,-716.095,-691.002,-825.434,-585.282,-474.201,-320.256,-344.315,-374.200,-434.868,-407.561,-393.018,-726.056,-672.422,-537.540,-235.198,-262.149,28.260,137.115,230.816,338.849,479.215,516.927,636.265,592.710,530.517,763.170,826.386,793.047,644.423,512.565,618.991,859.694,709.173,755.579,579.727
-181.763,-330.374,-277.863,-100.762,-292.631,47.226,127.052,15.769,377.087,419.962,260.593,274.352,270.788,541.193,617.537,601.776,510.229,729.139,867.203,704.381,823.563,911.682,781.739,900.400,1138.448,942.911,851.968,652.424,611.838,578.481,441.632,374.557,449.348,170.578,247.546,362.123,275.731,10.446,-8.367,-151.866,-243.827,-423.584,-369.523,-402.917,-377.718,-371.166,-356.458,-258.897,-233.023,-323.727,-224.337,-115.888,-210.652,-254.583,-415.910,-380.359,-423.787,-212.832,-161.739,-50.554,-16.222,-56.651,-148.246,-57.028,-110.071,-479.881,-408.026,-283.769,-55.069,-114.206,149.677,160.722,95.537,196.490,397.578,339.564,447.670,479.876,430.099,606.247,639.037,650.893,507.983,356.322,379.209,554.197,402.249,560.747,413.062
-201.001,-166.371,-184.693,-102.423,-221.847,-0.818,49.226,-143.463,229.689,228.284,98.199,58.087,41.425,288.502,362.622,244.609,214.032,427.474,667.726,532.418,479.658,499.215,363.457,536.541,771.360,707.768,596.993,444.692,389.604,360.611,262.409,237.859,328.354,129.028,229.217,348.826,206.524,-35.218,-108.512,-128.929,-206.485,-306.981,-312.040,-366.376,-280.549,-224.217,-265.334,-123.167,-25.363,-62.508,10.672,115.501,94.262,-41.227,-147.955,-134.358,-65.246,98.665,79.958,105.399,195.914,191.779,97.575,188.368,59.910,-249.463,-146.280,-89.230,2.309,-35.672,155.631,36.467,-169.321,-101.729,123.282,-23.854,52.524,150.321,103.185,198.322,209.217,259.093,111.449,13.008,-9.618,73.860,-52.655,182.535,103.175
107.274,322.165,219.098,200.526,163.230,234.695,270.147,41.695,299.292,270.201,185.017,64.762,-24.400,98.671,147.688,-51.331,-37.314,90.379,393.023,276.635,103.660,28.693,-153.274,57.657,245.081,300.461,165.382,88.395,52.048,65.376,-2.671,-8.179,96.151,10.781,116.815,193.037,63.219,-147.916,-247.822,-174.290,-196.367,-193.889,-237.079,-274.052,-162.369,-46.883,-177.115,-58.185,84.150,90.343,94.336,154.637,201.486,-14.643,-63.899,-67.533,91.913,215.300,137.766,72.889,197.095,260.665,191.889,229.318,40.804,-147.795,-26.266,-55.449,-100.255,-67.074,40.952,-173.638,-436.696,-404.608,-221.523,-434.298,-389.671,-268.716,-325.843,-299.672,-298.787,-234.431,-403.386,-413.369,-442.022,-444.354,-508.809,-254.400,-250.987
593.399,893.320,738.562,645.270,666.148,615.981,632.477,412.831,491.422,457.608,393.268,215.816,32.386,-14.336,4.155,-225.936,-206.852,-183.825,100.374,-7.968,-210.082,-380.831,-625.368,-417.634,-298.432,-185.082,-323.696,-329.202,-328.453,-240.907,-295.386,-315.488,-212.235,-189.668,-113.704,-92.986,-166.696,-344.425,-438.977,-327.490,-286.085,-168.634,-230.285,-219.926,-127.406,49.118,-166.573,-118.618,14.736,27.442,-46.145,-43.661,44.064,-203.136,-193.845,-174.109,23.712,122.381,16.554,-96.925,19.131,145.169,119.580,87.841,-124.299,-192.783,-85.024,-182.934,-304.942,-181.829,-135.530,-368.147,-574.408,-559.485,-477.998,-718.406,-682.293,-594.342,-676.009,-684.807,-681.455,-639.319,-842.474,-789.502,-797.826,-847.773,-821.964,-609.007,-542.109
1007.132,1260.644,1125.471,998.349,1036.604,930.980,902.878,715.173,644.687,624.278,536.559,366.597,124.934,-62.848,-61.046,-263.263,-276.529,-316.503,-139.696,-241.702,-387.728,-628.407,-919.339,-761.160,-700.477,-603.778,-696.156,-659.992,-635.783,-471.131,-533.670,-594.765,-511.245,-427.657,-421.337,-425.579,-449.523,-587.593,-657.355,-567.647,-484.470,-257.019,-320.044,-262.131,-217.333,-4.141,-259.839,-285.399,-205.729,-228.180,-352.553,-384.797,-292.080,-496.425,-434.845,-340.201,-159.285,-81.176,-172.158,-264.734,-210.868,-65.427,-46.788,-119.071,-312.935,-312.149,-250.285,-379.015,-492.356,-300.750,-278.472,-456.034,-512.126,-491.593,-530.381,-753.507,-689.044,-677.161,-796.565,-808.042,-788.957,-807.857,-1045.810,-999.843,-977.450,-1019.313,-903.803,-778.341,-694.823
1131.923,1244.531,1204.906,1077.439,1099.353,1006.880,907.161,750.517,630.911,629.956,484.984,394.328,177.939,-62.412,-53.002,-181.404,-242.337,-279.069,-263.123,-351.650,-398.390,-662.687,-957.347,-875.324,-840.114,-814.257,-801.623,-761.575,-755.269,-550.293,-642.155,-749.190,-697.238,-620.822,-706.840,-684.161,-705.065,-794.138,-839.245,-816.171,-724.629,-413.357,-460.764,-387.515,-388.405,-194.142,-418.069,-478.684,-461.541,-537.449,-668.437,-691.232,-619.475,-714.023,-617.323,-419.523,-288.775,-249.740,-284.477,-295.865,-355.658,-251.362,-203.749,-258.811,-409.045,-403.115,-398.300,-518.828,-551.773,-338.968,-306.290,-399.328,-277.220,-240.787,-365.186,-531.385,-407.026,-480.235,-642.524,-642.773,-595.225,-700.127,-957.308,-987.078,-933.281,-919.781,-751.877,-734.589,-690.331
898.409,859.242,954.131,841.056,837.784,798.694,627.258,490.560,430.938,443.512,239.286,264.756,166.936,-18.527,20.984,-16.680,-115.506,-103.822,-237.773,-308.048,-263.871,-498.795,-744.304,-731.761,-684.160,-744.084,-594.603,-577.817,-634.907,-454.510,-588.320,-721.882,-700.028,-690.500,-858.369,-771.181,-838.984,-874.811,-907.402,-972.733,-896.448,-547.442,-561.774,-520.280,-538.633,-431.943,-556.882,-601.028,-616.537,-725.228,-825.393,-803.692,-755.126,-712.369,-605.465,-322.596,-241.082,-274.017,-231.687,-145.480,-347.459,-332.035,-278.964,-260.600,-373.379,-401.227,-433.339,-518.537,-443.558,-255.435,-194.941,-225.815,21.271,65.004,-75.460,-163.106,27.926,-102.184,-296.793,-291.115,-208.542,-397.145,-644.568,-771.778,-688.232,-604.450,-445.469,-530.417,-567.124
414.203,290.951,496.035,399.978,389.498,404.692,203.962,84.058,141.029,156.096,-77.061,42.972,120.117,69.367,151.405,187.843,72.781,131.303,-81.465,-142.452,-49.293,-212.164,-364.320,-389.494,-306.877,-429.035,-168.442,-182.595,-324.331,-231.824,-403.385,-529.826,-524.608,-608.545,-811.640,-664.564,-792.773,-785.625,-812.928,-966.805,-907.292,-576.661,-544.981,-570.090,-569.307,-596.963,-592.150,-586.624,-587.993,-678.672,-732.951,-666.517,-619.388,-466.646,-371.941,-65.677,-3.720,-131.906,-27.045,118.773,-212.497,-297.899,-258.515,-143.052,-252.695,-312.089,-337.488,-376.212,-215.965,-74.804,10.061,-7.721,251.629,283.110,192.616,179.469,409.815,271.086,73.641,72.886,183.282,-56.861,-260.805,-443.881,-332.728,-204.177,-110.274,-271.482,-399.443
-103.156,-213.590,19.981,-50.506,-38.230,3.407,-153.221,-242.853,-91.988,-81.245,-298.599,-152.466,87.660,192.890,318.724,387.203,271.724,337.376,139.746,66.020,163.704,90.457,52.548,21.676,136.430,-0.760,284.504,247.179,39.215,13.536,-172.043,-260.872,-255.968,-419.020,-588.631,-431.473,-581.576,-558.603,-569.291,-796.626,-736.807,-473.986,-396.606,-490.564,-445.279,-600.614,-488.013,-432.330,-387.301,-408.779,-423.557,-350.603,-273.948,-82.115,-7.541,245.315,327.791,115.430,232.645,367.976,-32.682,-191.773,-169.746,18.493,-127.859,-190.038,-164.441,-159.579,31.157,130.118,219.853,178.520,328.150,333.230,320.028,353.151,568.821,461.302,303.205,290.836,404.924,163.268,29.979,-128.096,4.008,125.417,133.401,-68.382,-263.368
-447.355,-478.939,-318.509,-335.227,-281.429,-248.116,-292.036,-328.839,-165.006,-155.145,-319.888,-221.770,101.777,322.899,486.583,537.227,422.798,451.220,335.739,230.291,310.024,311.986,379.372,351.123,475.234,374.700,569.995,521.315,297.986,171.291,8.123,-30.734,-19.361,-217.542,-289.375,-192.870,-293.590,-289.820,-255.205,-532.467,-452.912,-284.197,-180.646,-311.634,-218.571,-435.038,-280.577,-197.593,-109.203,-43.081,-31.770,-6.724,117.455,266.746,333.059,479.455,612.219,369.535,432.551,498.761,120.119,-62.798,-42.993,154.179,-44.213,-86.077,9.961,45.506,209.750,282.598,350.986,287.914,251.864,234.949,276.303,313.922,457.139,388.144,308.299,292.322,375.729,178.087,126.982,64.984,202.407,268.085,218.025,11.279,-204.563
-527.161,-478.406,-462.479,-381.620,-296.920,-294.871,-202.270,-173.572,-83.240,-61.597,-157.292,-140.306,153.220,412.487,605.012,600.703,480.988,456.055,429.052,297.990,364.695,400.533,536.713,490.615,599.463,575.962,593.290,539.935,358.963,184.638,77.612,78.281,85.156,-97.284,-38.784,-56.837,-46.378,-87.471,20.410,-280.055,-177.005,-98.215,-3.717,-124.091,-0.563,-179.381,-62.743,23.963,120.072,243.315,276.740,218.282,378.686,430.255,513.026,550.885,740.491,547.963,506.701,495.309,226.712,67.936,112.253,244.123,22.027,-7.075,141.215,189.035,292.730,344.755,368.971,320.600,102.949,87.386,128.469,130.442,167.559,106.536,121.072,117.683,141.599,7.239,31.225,83.413,202.993,196.722,152.730,-30.069,-220.522
-396.199,-319.922,-453.656,-238.501,-164.995,-198.818,-9.818,69.799,44.822,92.561,64.264,31.015,197.400,416.042,626.195,558.203,434.712,377.459,386.689,272.376,345.647,363.876,514.743,420.542,506.773,579.831,405.775,349.068,246.393,84.200,47.424,61.628,37.749,-93.314,81.895,-57.859,77.505,-8.507,174.955,-122.911,-16.024,0.685,49.787,-23.765,102.189,41.851,63.695,146.599,205.713,318.577,386.205,253.047,409.812,356.845,476.180,453.829,683.071,613.498,464.520,425.717,311.645,205.101,297.534,315.549,136.409,83.220,236.649,278.636,319.329,333.539,302.997,311.036,-7.478,6.982,-4.351,-63.516,-123.433,-227.262,-137.518,-114.380,-156.303,-243.453,-165.954,-44.907,35.170,-15.494,14.151,-125.567,-264.251
-199.084,-159.647,-380.025,-28.818,-23.343,-84.850,112.507,198.250,78.681,159.249,188.944,184.236,184.520,314.477,526.671,418.747,312.221,260.705,231.878,201.002,295.961,257.518,366.605,215.026,295.968,460.278,168.336,112.115,86.681,-27.099,-7.867,-7.501,-89.454,-160.460,78.764,-137.484,77.794,-22.536,198.041,-75.998,-0.019,-11.999,-26.139,-48.682,51.570,126.945,43.939,129.423,126.441,158.314,280.482,124.546,229.027,108.795,261.766,249.029,486.337,570.253,365.948,378.918,395.824,347.094,493.619,400.330,339.632,223.838,332.876,358.571,356.787,302.635,225.480,303.570,3.069,62.024,-21.332,-146.820,-253.668,-439.358,-325.622,-271.535,-356.021,-437.860,-334.292,-225.317,-193.128,-230.270,-91.551,-179.445,-267.627
-74.150,-102.726,-311.337,129.058,23.061,-55.497,59.059,91.843,-60.862,47.091,124.542,227.995,94.559,131.911,324.413,222.880,169.325,145.636,31.424,142.351,257.616,154.105,179.448,2.296,109.675,335.558,52.390,11.152,30.648,-33.806,4.799,-24.493,-173.303,-200.840,37.546,-178.962,36.312,-28.132,157.604,-78.567,-63.130,-84.193,-147.323,-149.099,-96.920,53.987,-96.621,-6.607,-61.781,-147.874,40.445,-72.167,-48.216,-181.023,-27.436,19.347,231.450,441.365,269.291,390.213,453.958,456.516,639.598,490.499,594.108,409.668,451.690,464.501,446.682,304.211,209.679,329.779,150.074,240.809,106.352,-72.937,-158.377,-424.448,-349.838,-269.138,-352.212,-472.748,-368.033,-340.131,-344.632,-310.775,-78.608,-115.857,-174.561
-75.176,-151.568,-263.439,183.353,-38.723,-128.471,-141.589,-207.183,-334.017,-212.616,-101.123,140.513,-43.693,-66.916,80.230,33.488,64.409,54.446,-133.273,133.617,252.776,110.544,38.010,-99.426,57.633,296.291,137.508,135.879,157.845,120.098,138.146,80.294,-112.085,-126.457,68.121,-77.601,66.104,83.955,158.823,-32.802,-82.172,-115.451,-183.305,-212.315,-224.058,-106.378,-261.927,-187.767,-257.633,-446.432,-203.786,-232.243,-274.788,-381.114,-278.425,-172.619,-11.074,251.522,191.839,411.146,416.756,464.833,650.127,530.120,788.496,576.594,570.284,587.694,572.670,355.698,289.566,397.668,382.134,467.358,327.346,117.034,106.351,-189.283,-200.539,-99.842,-138.514,-318.827,-231.212,-304.316,-319.452,-187.895,78.826,81.993,30.266
-157.039,-226.583,-207.832,161.440,-133.417,-233.973,-347.366,-517.495,-596.147,-473.506,-353.044,-16.512,-160.683,-199.289,-120.090,-84.028,34.107,-3.386,-196.913,179.282,282.095,148.364,-4.139,-37.144,162.631,357.196,367.022,427.458,421.426,389.791,366.440,294.568,111.105,80.675,233.621,192.612,237.848,355.942,276.970,131.830,46.601,-17.578,-35.369,-131.286,-216.748,-231.467,-334.940,-318.900,-363.438,-597.174,-337.888,-291.739,-344.086,-421.217,-412.644,-300.668,-203.127,27.038,110.343,347.699,223.026,316.336,468.731,453.674,803.815,634.555,629.772,674.425,670.800,431.781,443.155,493.584,613.952,649.857,547.356,331.939,407.860,164.890,59.114,176.151,201.378,-24.747,33.417,-106.841,-106.011,106.651,335.355,361.058,309.724
-226.496,-237.010,-111.737,132.860,-157.015,-269.755,-396.449,-628.726,-677.109,-553.498,-462.315,-130.084,-177.800,-197.989,-197.388,-84.921,81.837,-18.215,-130.375,263.151,336.753,253.522,62.869,158.357,357.449,458.906,587.457,712.332,669.595,646.014,592.176,525.453,411.023,348.594,505.969,554.335,527.271,721.864,503.270,405.304,336.237,225.801,295.052,122.080,-38.570,-218.814,-242.474,-324.915,-328.278,-538.305,-313.618,-246.735,-233.502,-312.526,-404.767,-363.734,-332.010,-193.028,-2.859,141.219,-114.153,23.217,123.191,244.443,598.687,529.049,577.219,661.626,674.785,484.823,606.468,591.183,770.106,730.229,685.438,490.535,617.994,504.296,336.115,467.261,542.557,311.672,331.136,183.441,211.519,456.901,595.885,620.994,585.152
-217.989,-150.518,23.696,151.969,-51.766,-175.999,-214.257,-430.836,-480.688,-341.709,-318.746,-97.353,-47.572,-41.230,-112.139,37.524,182.708,25.430,53.978,369.002,411.146,390.381,208.804,397.141,530.971,514.445,645.990,806.482,733.526,743.212,696.135,649.476,640.433,549.785,774.384,859.297,816.948,1028.430,738.046,687.694,686.488,535.855,689.239,464.179,240.346,-49.108,-0.262,-185.934,-168.092,-309.736,-163.773,-139.644,-3.889,-126.490,-277.005,-365.737,-391.651,-353.124,-139.165,-166.493,-479.847,-311.432,-260.707,-31.975,253.334,288.716,411.218,524.923,565.667,479.154,708.791,661.471,815.972,707.167,714.746,565.402,681.397,730.295,553.882,690.747,778.117,587.104,561.202,451.630,495.097,719.938,759.246,758.924,765.712
-141.589,-16.034,154.019,218.296,150.535,18.984,133.079,14.954,-47.376,127.959,66.426,115.082,216.738,233.749,115.032,247.025,298.455,138.407,308.342,489.891,503.666,518.251,377.346,580.409,593.283,467.815,484.585,627.051,530.073,601.843,603.521,582.317,666.599,570.956,902.405,961.158,954.706,1110.680,839.284,833.180,927.045,768.070,960.298,731.557,473.746,197.403,287.763,49.374,42.925,-28.227,20.001,-29.520,236.622,48.104,-81.803,-307.594,-374.415,-398.189,-243.092,-435.256,-699.454,-529.596,-508.543,-249.702,-63.958,22.826,196.914,306.221,392.515,416.829,709.759,681.490,763.845,624.622,666.486,586.456,633.296,816.161,677.706,798.909,858.971,730.856,659.458,594.157,623.128,794.088,762.872,714.826,784.092
-72.258,71.793,215.849,278.044,342.846,211.471,471.512,504.668,455.378,679.333,558.882,444.430,536.684,539.631,405.046,473.590,391.861,306.021,561.237,617.540,603.948,601.224,503.983,646.489,520.463,326.780,172.513,243.379,117.003,257.117,328.403,327.506,442.182,377.368,801.072,789.912,837.119,882.236,701.888,726.578,906.168,782.476,946.490,764.398,515.793,382.549,478.324,280.500,204.272,169.641,132.432,33.677,381.752,143.989,115.116,-197.875,-282.328,-306.503,-244.085,-503.196,-634.780,-501.570,-489.653,-293.077,-192.978,-135.491,36.218,100.430,249.389,338.730,619.356,642.075,657.856,539.157,600.394,607.559,562.195,798.996,712.594,785.432,799.782,724.276,620.053,570.447,552.105,663.466,607.834,496.439,623.826
-90.636,39.405,167.002,262.861,405.389,285.389,617.917,801.191,810.924,1073.548,959.633,752.666,793.541,768.321,645.838,634.407,433.919,474.278,732.514,722.311,678.381,610.381,533.875,588.720,355.046,151.020,-141.313,-163.405,-333.735,-155.197,-29.576,-23.945,31.898,33.899,477.469,388.625,470.847,389.438,323.242,351.658,577.044,518.921,600.273,497.262,302.812,387.931,462.073,397.959,231.635,188.769,101.755,21.006,366.628,133.850,248.040,-69.541,-146.095,-116.442,-110.928,-293.438,-277.130,-209.291,-199.393,-132.744,-81.389,-107.651,9.183,6.484,221.424,300.464,491.752,554.090,550.610,489.230,564.642,662.569,546.105,740.344,684.122,677.121,656.487,599.049,490.412,421.851,336.648,398.214,353.990,173.565,327.282
-217.914,-113.070,15.621,139.454,278.889,186.357,485.608,760.910,858.226,1124.913,1094.018,887.801,874.748,830.981,733.927,660.791,404.958,560.699,752.727,746.092,670.989,524.869,437.958,441.214,167.483,7.244,-323.710,-406.929,-629.668,-468.786,-334.847,-341.558,-418.525,-328.721,33.216,-105.431,-23.390,-202.283,-183.366,-186.966,33.404,37.045,24.186,5.736,-104.929,185.049,223.416,335.606,94.283,15.150,-79.869,-74.056,185.654,27.624,264.637,17.827,-29.805,76.693,110.345,118.801,225.163,224.538,222.614,143.868,177.097,79.575,122.920,70.458,332.228,337.629,397.055,449.278,483.704,483.127,570.956,741.039,604.031,684.641,619.434,520.040,493.663,420.205,345.610,247.901,97.787,113.869,90.056,-153.110,-18.386
-390.436,-307.099,-179.378,-61.342,5.807,-39.068,135.008,407.060,570.013,793.490,889.957,758.435,724.349,694.732,617.184,523.907,296.240,492.400,587.026,624.208,528.247,338.790,225.090,248.542,8.219,-75.682,-338.044,-402.635,-662.663,-572.732,-483.824,-521.739,-752.502,-581.279,-383.498,-523.140,-466.642,-683.535,-636.996,-702.536,-527.104,-501.930,-568.299,-519.746,-545.492,-142.574,-145.152,108.362,-166.838,-280.093,-352.726,-235.773,-111.197,-140.976,142.352,1.295,-7.631,160.822,306.319,528.111,631.184,587.288,556.931,372.714,394.394,304.916,301.365,254.505,524.271,440.931,385.229,370.720,476.917,506.621,597.058,797.701,690.992,640.429,539.271,365.908,359.875,262.338,255.441,152.839,-42.197,-85.984,-105.141,-392.165,-311.194
-492.394,-430.180,-335.149,-253.507,-283.898,-263.149,-257.970,-86.562,66.376,207.832,411.812,386.339,375.934,401.471,321.485,250.975,116.545,253.627,257.507,330.787,238.412,73.606,-54.287,42.639,-116.481,-120.115,-258.734,-210.420,-462.878,-464.359,-452.834,-533.917,-873.027,-656.892,-643.850,-735.666,-705.923,-896.935,-873.538,-1007.162,-893.715,-904.262,-948.950,-861.732,-831.088,-438.995,-483.089,-185.309,-448.891,-570.902,-612.447,-423.879,-436.531,-327.382,-96.509,-146.215,-120.646,66.253,354.479,704.972,733.626,685.084,619.855,404.380,400.667,421.195,424.529,451.105,684.596,555.696,459.419,352.412,524.287,538.399,609.164,785.995,735.081,590.495,459.882,259.535,279.002,186.040,257.848,191.328,-22.340,-153.600,-191.678,-492.107,-468.402
-426.247,-399.848,-381.964,-337.271,-434.777,-344.544,-495.009,-486.613,-440.176,-392.338,-163.023,-90.559,-49.282,58.717,-52.079,-76.039,-99.441,-87.274,-148.774,-80.428,-139.456,-213.419,-318.446,-159.136,-230.624,-173.128,-211.541,11.205,-171.418,-240.194,-300.385,-422.312,-777.248,-571.513,-687.268,-700.728,-680.652,-802.693,-820.693,-994.334,-939.919,-1029.511,-979.275,-879.687,-838.026,-556.009,-636.858,-402.120,-624.093,-727.099,-750.328,-574.216,-690.457,-484.002,-381.647,-386.277,-340.765,-190.138,197.200,527.011,475.436,449.792,364.903,192.816,149.100,341.436,395.422,536.607,702.210,606.646,571.375,396.032,594.428,559.654,585.515,690.577,688.721,517.429,395.866,226.415,253.794,219.211,347.440,342.190,130.158,-107.921,-176.472,-451.469,-452.381
-175.744,-207.706,-290.364,-249.623,-342.576,-204.908,-456.132,-613.190,-739.322,-764.178,-614.171,-471.217,-384.119,-198.230,-362.348,-343.572,-290.835,-395.069,-498.602,-473.477,-481.872,-437.370,-480.358,-339.337,-350.324,-260.460,-280.447,108.378,48.750,-33.384,-125.462,-267.406,-541.810,-397.180,-532.068,-464.759,-437.762,-481.696,-524.184,-681.977,-676.992,-850.533,-670.241,-575.338,-564.222,-429.729,-532.461,-419.430,-591.899,-666.095,-696.317,-611.832,-787.149,-565.738,-612.476,-619.071,-569.875,-504.632,-114.813,57.149,-12.573,-17.720,-89.357,-172.719,-252.334,90.772,195.900,436.062,526.234,535.444,641.863,459.474,636.132,553.256,524.925,536.624,559.767,423.285,356.800,262.431,272.539,346.974,480.888,522.942,320.615,-12.570,-100.665,-308.810,-280.047
178.564,80.688,-77.588,3.017,-6.386,128.102,-154.342,-417.032,-712.510,-768.482,-766.940,-580.568,-484.288,-261.230,-484.705,-447.867,-387.085,-528.613,-659.865,-680.783,-649.819,-515.629,-483.055,-467.389,-452.974,-355.812,-443.920,26.797,107.292,62.900,-8.945,-134.995,-273.692,-210.473,-250.603,-127.565,-93.138,-80.565,-114.749,-196.967,-238.397,-459.085,-168.402,-86.125,-125.899,-111.829,-209.409,-197.229,-325.780,-386.371,-448.526,-479.646,-679.207,-538.078,-694.894,-726.041,-682.484,-734.570,-439.667,-480.661,-477.720,-494.905,-522.236,-513.130,-601.838,-206.734,-100.594,165.128,194.447,332.313,597.986,469.484,593.012,499.359,438.170,371.603,403.932,329.650,339.184,331.490,312.738,513.903,595.040,635.234,440.255,62.063,-16.494,-121.888,-14.087
500.931,365.407,204.209,345.551,468.546,533.396,279.543,10.755,-379.176,-426.708,-565.038,-354.933,-296.465,-99.487,-366.586,-340.760,-339.684,-416.903,-561.421,-588.306,-560.153,-409.915,-329.784,-505.034,-480.462,-390.481,-584.105,-160.348,29.154,40.218,26.542,-45.419,-57.956,-51.664,69.987,206.165,232.730,265.096,261.106,287.076,192.301,-17.028,321.062,387.126,302.180,260.342,199.836,195.358,107.273,29.952,-77.036,-172.369,-374.686,-388.534,-582.264,-630.661,-591.867,-769.700,-615.718,-817.291,-678.758,-750.379,-728.311,-656.083,-719.559,-397.711,-365.817,-172.873,-181.380,46.308,411.295,358.311,427.718,378.339,333.623,234.737,286.665,260.521,322.565,376.779,342.944,640.762,630.350,615.000,421.011,70.793,33.743,52.726,259.603
672.994,563.715,487.399,665.877,916.370,855.005,665.998,490.388,116.407,94.428,-98.065,118.411,107.234,219.253,-56.076,-58.979,-154.144,-107.112,-236.371,-209.061,-240.413,-158.015,-92.054,-431.458,-378.343,-300.224,-564.494,-306.376,-77.223,-36.141,16.576,20.818,69.714,80.981,357.822,462.704,466.014,484.984,505.746,624.451,468.589,319.599,631.752,677.494,569.716,536.392,533.168,605.793,567.096,447.420,301.241,244.656,59.975,-136.287,-299.677,-342.737,-301.686,-587.183,-547.318,-780.688,-510.931,-659.968,-621.706,-527.103,-547.146,-383.485,-481.294,-433.378,-464.522,-230.870,118.783,107.793,147.689,185.081,211.736,136.915,241.894,223.028,277.738,345.109,328.408,653.244,551.721,460.389,262.892,5.733,28.474,172.694,459.882
653.295,642.900,706.498,860.486,1180.764,973.425,858.561,833.303,567.875,559.936,429.901,631.417,550.240,551.192,313.319,281.541,98.914,247.807,178.999,302.497,168.932,127.780,113.955,-270.687,-145.189,-78.701,-325.910,-290.027,-101.091,-82.090,18.991,90.536,117.309,203.858,566.012,609.786,592.274,580.548,597.148,748.081,537.868,465.063,703.533,722.739,614.397,627.290,672.582,866.955,895.769,730.081,568.194,649.317,516.116,167.536,63.169,41.083,89.367,-259.573,-255.379,-383.982,-53.444,-263.320,-269.692,-183.476,-172.520,-169.849,-394.932,-497.529,-552.062,-400.846,-185.270,-225.282,-182.840,-53.704,73.792,64.479,254.997,201.542,185.632,214.679,243.822,513.573,360.429,224.884,23.373,-111.601,-33.324,215.056,534.393
490.000,619.862,811.077,872.783,1176.766,853.418,797.888,912.532,791.040,768.622,782.143,946.529,825.252,737.925,579.458,530.866,307.065,462.133,498.937,713.338,474.264,303.532,177.019,-96.831,144.780,200.846,62.820,-94.942,-5.034,-55.004,68.368,165.553,110.726,313.317,667.756,646.565,632.712,590.625,571.005,677.118,443.941,427.808,589.659,576.406,476.958,542.039,592.805,876.693,985.403,796.552,652.326,910.270,876.443,452.919,389.203,383.052,435.532,87.271,136.080,188.440,482.990,265.826,157.869,224.614,230.095,143.093,-141.333,-327.555,-416.651,-399.318,-386.411,-522.998,-458.201,-275.066,-63.492,1.463,279.102,169.726,54.987,11.100,89.011,241.215,93.749,-16.506,-219.549,-247.684,-138.499,176.729,472.269
283.734,535.649,776.035,709.227,918.522,548.588,519.787,700.068,696.278,636.000,791.177,908.587,790.432,681.236,626.422,573.742,368.110,415.259,574.239,825.346,524.086,262.189,45.474,-4.321,368.099,415.646,435.156,180.502,153.713,20.405,151.562,215.693,70.788,373.548,651.174,588.197,608.849,547.697,479.103,487.320,283.300,288.213,407.972,361.155,266.444,370.512,364.019,648.133,826.981,654.145,557.800,947.848,1055.443,653.917,583.730,571.607,618.455,340.338,468.196,684.788,872.730,713.359,486.891,537.633,502.226,419.789,180.194,14.762,-115.109,-224.764,-401.885,-659.224,-574.558,-399.581,-163.310,-49.445,270.673,111.111,-75.762,-199.993,-102.842,-89.250,-187.457,-205.926,-406.333,-371.726,-266.686,73.144,302.319
127.628,426.859,610.467,430.075,504.925,167.602,125.579,267.228,322.445,224.890,437.566,522.863,442.068,394.834,441.814,389.405,245.426,120.736,368.431,579.572,289.429,-6.300,-240.676,-54.310,417.885,461.583,622.001,387.549,267.598,75.746,219.293,202.660,8.715,339.244,523.527,457.982,524.099,457.466,355.873,267.471,146.838,148.353,269.817,196.914,99.664,227.002,111.625,304.125,515.532,395.881,360.824,775.960,1030.212,731.861,612.340,572.991,605.658,451.282,629.555,917.045,986.478,927.187,624.329,663.334,580.011,558.542,453.218,393.814,236.376,57.118,-223.663,-567.106,-483.362,-370.934,-184.033,-65.978,218.113,32.269,-158.131,-343.326,-273.781,-375.827,-419.060,-324.048,-515.576,-461.742,-395.067,-65.101,78.664
62.555,312.817,361.235,122.163,73.912,-175.257,-261.972,-243.318,-179.416,-286.105,-132.677,-42.176,-75.473,4.017,126.013,69.329,-5.559,-274.570,-18.114,91.787,-116.643,-398.024,-559.704,-228.840,270.792,318.912,553.249,422.669,256.509,53.629,224.101,116.919,-61.655,197.908,321.284,288.928,374.124,313.263,213.671,86.229,80.748,82.838,227.837,145.525,48.275,188.860,-44.069,17.381,207.060,159.658,174.079,499.233,847.186,688.183,509.260,439.784,460.022,446.647,605.545,845.459,837.271,874.336,583.819,604.707,504.987,531.552,590.619,657.442,507.548,336.198,69.905,-283.506,-225.717,-194.550,-108.722,-28.354,143.768,-41.825,-165.094,-372.745,-366.609,-532.040,-554.775,-384.851,-558.058,-503.955,-501.441,-199.397,-139.711
71.541,202.087,104.354,-133.412,-252.266,-400.058,-536.139,-662.486,-606.330,-680.729,-666.415,-532.701,-532.751,-311.253,-154.909,-221.981,-259.254,-564.564,-393.730,-404.010,-494.444,-736.026,-759.768,-425.770,11.310,72.802,301.683,292.478,125.491,-45.731,157.370,-1.163,-110.906,-0.733,112.268,126.087,173.726,128.775,62.931,-19.408,82.513,113.743,267.266,197.891,117.366,263.242,-38.766,-73.894,46.564,66.496,95.215,262.917,600.252,561.155,354.376,274.494,296.810,396.053,469.932,574.836,545.094,630.563,446.819,431.928,369.782,378.853,559.477,700.130,601.470,500.234,343.539,58.835,76.535,50.621,30.868,52.115,79.860,-87.233,-113.788,-296.689,-355.421,-525.199,-580.121,-411.660,-555.072,-491.366,-567.288,-294.349,-307.021
109.648,106.661,-78.870,-286.379,-407.882,-477.565,-628.769,-846.910,-785.214,-796.342,-916.526,-731.560,-723.870,-404.473,-251.813,-328.117,-382.848,-592.732,-570.845,-675.515,-659.887,-852.764,-729.695,-505.983,-207.173,-128.305,40.485,106.963,-36.550,-159.193,59.130,-75.128,-97.187,-155.198,-22.074,19.246,-25.953,-42.230,-66.113,-39.160,123.731,215.458,336.525,301.045,258.745,395.234,115.350,67.814,101.573,165.797,163.441,180.000,389.245,408.461,232.751,171.634,215.704,362.707,329.370,275.137,252.781,320.574,294.771,226.087,243.829,169.519,379.968,505.403,487.601,480.591,465.336,293.120,275.417,240.962,156.771,122.506,38.092,-100.818,-61.277,-174.355,-262.977,-390.204,-513.578,-412.905,-518.467,-425.115,-581.084,-329.570,-399.576
143.370,48.000,-134.166,-327.506,-396.501,-423.109,-520.678,-727.584,-644.343,-590.522,-759.066,-563.328,-567.209,-237.421,-109.285,-183.467,-307.648,-335.950,-462.141,-609.876,-538.010,-673.179,-454.440,-371.679,-246.425,-155.310,-60.443,6.756,-115.994,-201.489,-6.938,-36.485,10.980,-163.663,-22.366,3.840,-149.973,-121.528,-124.094,18.498,177.014,338.491,390.404,399.814,403.663,505.935,343.671,364.342,333.312,413.465,344.414,274.266,277.621,283.660,197.293,171.674,248.530,368.298,258.174,80.812,49.440,50.781,161.069,35.477,132.964,-38.927,107.776,150.587,210.762,282.316,370.401,304.306,272.189,267.873,180.012,110.330,-2.724,-104.964,-71.479,-82.785,-151.840,-210.458,-394.491,-374.198,-445.222,-317.082,-540.361,-305.994,-413.711
170.913,47.900,-59.453,-282.597,-274.749,-278.996,-244.692,-340.051,-244.284,-155.664,-256.359,-127.855,-145.869,98.727,204.264,147.819,-68.298,83.789,-125.326,-264.471,-196.540,-254.384,-26.271,-31.268,-64.324,26.033,64.260,72.215,-51.440,-125.115,3.105,127.896,206.106,12.201,113.140,79.733,-139.642,-53.073,-71.003,128.220,227.430,434.565,415.837,464.118,493.537,534.489,545.935,664.013,618.631,693.495,549.509,470.346,268.752,216.293,250.708,250.071,351.291,391.309,262.719,28.822,-55.945,-128.076,31.254,-130.295,-2.190,-217.267,-186.453,-226.814,-125.867,-15.634,95.482,92.123,72.634,97.431,52.402,-30.419,-80.010,-132.412,-171.671,-72.784,-91.108,-74.716,-263.385,-271.155,-327.336,-189.138,-450.869,-242.351,-356.769
211.827,111.113,92.944,-194.840,-118.092,-96.873,119.361,180.224,247.368,324.172,369.243,355.564,334.716,429.484,530.931,501.040,214.395,466.564,269.011,175.461,197.703,240.398,395.739,390.901,256.818,332.666,338.769,272.783,123.633,41.862,81.290,357.266,429.793,312.269,317.296,203.432,4.800,149.588,86.195,245.861,265.283,470.595,426.507,488.474,494.707,460.785,636.679,817.321,810.275,872.416,678.648,636.063,311.127,202.803,351.269,342.174,440.600,394.149,292.824,64.567,-106.168,-217.099,-117.688,-273.931,-188.899,-353.779,-432.880,-486.385,-398.077,-292.505,-235.529,-225.853,-211.555,-205.037,-196.102,-277.960,-212.710,-201.099,-327.170,-139.554,-116.468,-32.309,-144.398,-93.268,-167.139,-66.328,-323.273,-163.058,-238.693
277.985,214.658,241.672,-103.963,14.248,74.733,462.972,644.714,629.323,655.312,841.999,663.758,650.963,587.572,705.393,695.885,399.312,642.799,529.662,504.829,472.800,620.988,658.928,712.030,554.406,610.041,595.861,488.197,301.770,207.753,169.888,543.329,592.119,599.141,480.594,303.854,210.185,391.334,277.213,313.192,273.195,430.576,436.101,472.503,397.133,301.633,573.265,746.417,804.627,859.833,665.048,653.353,328.600,210.669,435.683,384.766,448.105,356.358,286.860,100.222,-143.597,-240.516,-275.857,-380.725,-394.616,-433.678,-574.275,-541.781,-506.364,-438.110,-470.960,-475.847,-420.516,-503.362,-461.479,-537.279,-374.517,-297.158,-454.412,-226.469,-207.659,-70.978,-38.945,137.904,14.373,33.421,-170.182,-84.717,-70.475
351.182,314.621,317.633,-31.360,99.765,198.656,682.421,888.713,756.707,719.093,967.742,682.955,672.487,499.847,641.194,632.294,402.830,561.673,546.485,608.276,541.520,761.078,686.655,787.427,678.382,720.291,681.269,586.718,372.991,274.120,198.642,589.411,616.969,729.172,506.727,317.485,360.908,535.560,393.169,277.016,224.491,312.971,434.674,404.378,207.045,90.665,364.515,474.367,584.276,646.032,501.012,478.839,260.040,193.515,446.944,348.825,358.449,289.859,217.802,80.267,-175.207,-219.612,-392.675,-414.191,-529.974,-432.279,-578.118,-394.019,-414.342,-402.632,-507.054,-522.012,-433.927,-659.957,-615.321,-682.047,-497.829,-379.663,-469.145,-261.009,-298.892,-129.536,65.980,369.085,182.419,106.451,-6.347,-10.088,129.901
386.769,368.287,298.435,22.758,151.348,255.730,718.484,845.650,605.973,520.788,727.528,459.196,421.863,223.402,374.288,344.076,243.744,310.833,345.259,509.481,437.024,653.322,509.570,591.962,578.331,620.774,547.490,509.565,299.824,202.089,134.139,468.540,488.652,634.649,368.224,224.883,361.184,479.151,345.025,118.192,99.268,131.153,388.950,264.506,-56.108,-140.199,62.174,103.541,217.939,300.292,235.073,162.290,89.207,111.699,356.327,247.609,210.182,227.214,110.311,11.263,-176.976,-166.906,-410.955,-343.160,-505.468,-331.671,-449.262,-127.570,-164.654,-220.139,-340.897,-340.883,-239.765,-609.180,-575.566,-624.920,-510.851,-405.859,-342.098,-201.895,-318.333,-137.993,179.766,535.239,303.167,161.798,148.075,66.291,330.072
342.719,357.517,215.963,70.304,198.112,249.567,583.629,579.759,282.228,180.337,280.251,160.503,52.380,-88.841,39.908,-20.595,29.038,58.627,66.054,336.821,278.285,401.565,243.674,237.658,332.346,386.190,279.637,307.853,145.845,44.443,8.871,244.896,270.229,368.251,129.114,66.732,193.662,219.252,122.612,-126.336,-92.184,-82.658,268.576,48.711,-356.158,-365.618,-257.685,-240.297,-177.056,-65.815,-54.295,-184.057,-148.349,-48.761,173.493,121.120,64.387,193.818,20.506,-57.630,-127.719,-97.489,-317.188,-179.178,-303.317,-148.812,-236.264,128.646,136.084,7.033,-71.723,-33.771,56.557,-392.948,-357.400,-375.234,-386.154,-360.449,-125.898,-68.256,-233.848,-61.743,291.747,588.359,358.725,211.258,265.288,144.991,483.453
213.845,297.494,132.766,120.829,260.971,205.939,358.859,254.447,-36.010,-130.184,-127.080,-25.137,-241.398,-273.448,-203.886,-281.581,-110.973,-45.533,-120.928,232.658,190.798,157.898,27.967,-85.789,99.332,161.267,39.183,109.572,37.482,-80.011,-91.028,43.715,78.100,80.596,-82.100,-72.360,-62.438,-131.233,-184.763,-367.194,-298.385,-276.929,79.774,-207.633,-637.023,-559.319,-516.137,-465.610,-486.879,-348.821,-292.800,-444.951,-382.700,-266.165,-56.707,10.939,-34.717,185.835,-4.885,-82.250,-41.023,-39.791,-167.601,8.452,-10.826,50.337,-21.861,258.305,359.920,157.309,151.530,230.603,290.339,-136.858,-71.403,-45.587,-167.724,-268.026,68.356,68.810,-76.312,76.429,368.059,519.479,353.582,257.970,314.173,211.564,542.432
45.662,224.744,102.226,171.250,337.354,163.579,156.537,47.396,-187.456,-271.326,-292.153,3.482,-328.853,-244.565,-262.404,-325.441,-99.512,45.651,-112.910,264.979,232.518,41.492,-45.062,-215.530,22.603,72.729,-37.549,38.705,82.323,-56.971,-74.796,-14.983,23.063,-59.606,-137.694,-105.837,-268.145,-394.432,-425.079,-497.945,-442.104,-391.642,-119.901,-427.147,-829.368,-686.006,-650.900,-545.043,-641.632,-491.685,-435.708,-556.025,-541.181,-487.163,-269.218,-58.723,-81.067,170.678,38.811,-61.186,32.598,-29.989,-64.858,118.988,215.366,169.693,105.796,207.753,411.649,149.461,209.437,311.151,331.557,21.236,134.692,203.291,45.693,-177.789,135.809,129.585,76.296,210.095,366.642,362.737,310.031,292.298,273.142,239.054,481.268
-84.812,172.697,137.456,206.693,403.309,157.756,65.666,55.806,-107.594,-200.911,-160.314,209.877,-205.969,-35.629,-151.241,-163.977,43.453,257.195,70.127,394.313,368.123,83.549,29.619,-105.463,142.535,153.703,77.606,138.018,295.884,150.133,95.509,118.158,149.396,41.068,20.421,9.126,-298.131,-419.958,-461.886,-447.798,-458.254,-380.825,-241.130,-519.027,-870.602,-704.751,-630.854,-507.309,-628.572,-494.004,-475.424,-524.262,-578.693,-645.268,-401.781,-85.928,-99.218,110.157,111.103,-36.489,36.875,-90.069,-95.384,77.266,238.311,131.453,92.139,7.188,271.061,-16.634,75.921,173.421,161.047,10.285,160.104,252.262,155.942,-128.505,46.798,79.109,147.002,271.076,264.217,180.522,256.825,298.946,146.572,204.415,316.592
-111.886,151.467,207.752,211.951,430.427,203.519,108.788,244.953,144.184,13.467,157.803,451.518,16.765,227.242,22.040,80.353,216.860,443.024,302.276,511.160,502.298,225.064,176.481,150.890,371.238,325.841,290.568,343.289,584.201,469.926,374.219,393.865,406.881,346.826,346.564,247.333,-109.439,-167.563,-250.676,-222.748,-332.595,-236.799,-209.411,-426.011,-731.218,-586.255,-463.142,-403.068,-479.644,-395.142,-432.745,-408.842,-493.443,-687.900,-419.239,-84.393,-117.902,-9.876,153.293,-58.738,-48.512,-205.931,-267.546,-113.972,28.628,-72.803,-53.675,-245.909,3.427,-258.877,-167.772,-91.906,-115.713,-132.600,12.518,96.618,127.705,-116.737,-123.942,-42.492,111.858,234.429,80.008,38.237,218.068,270.768,-25.852,109.308,110.869
-21.794,145.026,262.978,185.278,405.724,287.416,235.224,471.480,422.967,238.732,460.457,572.176,189.676,402.503,129.108,252.106,302.722,475.366,428.497,514.685,546.190,362.842,287.547,378.130,545.260,449.478,446.266,523.302,794.656,756.445,648.199,688.729,673.119,709.093,711.405,526.053,234.066,267.927,132.072,91.138,-115.490,-0.962,-11.815,-161.766,-433.356,-334.268,-190.662,-269.684,-247.509,-245.402,-340.574,-279.062,-323.110,-600.518,-329.710,-73.312,-146.146,-164.203,126.465,-143.673,-187.440,-325.339,-494.376,-363.317,-306.859,-362.369,-256.230,-432.524,-268.051,-452.439,-376.445,-320.652,-326.381,-282.946,-191.062,-143.663,17.546,-91.840,-231.112,-134.286,22.437,138.560,-120.055,-19.168,207.059,218.836,-176.850,-9.866,-48.777
134.570,126.290,267.925,143.642,340.838,372.856,354.819,570.082,579.573,352.003,575.156,498.339,215.482,414.753,101.555,256.529,239.485,319.050,355.534,380.141,473.274,413.283,284.070,423.744,525.534,411.287,425.290,559.096,804.590,868.184,792.655,867.388,815.130,944.201,965.604,744.244,595.453,704.674,526.141,368.238,101.254,248.873,285.910,186.611,-49.376,3.956,120.462,-116.467,14.067,-83.642,-229.696,-176.675,-125.776,-415.724,-183.542,-69.722,-168.863,-298.272,35.473,-253.011,-305.069,-382.606,-637.324,-534.008,-578.671,-597.355,-404.835,-465.172,-416.089,-489.986,-417.997,-366.670,-328.749,-300.859,-288.245,-287.523,-53.056,14.451,-141.641,-89.302,-18.868,66.392,-246.085,20.181,225.293,169.773,-237.820,-93.310,-90.220
265.695,78.081,222.983,113.695,264.059,416.982,392.127,453.782,539.052,306.038,454.801,282.481,103.322,293.355,-27.385,113.436,60.548,49.209,105.145,173.625,331.488,357.058,158.879,248.756,285.322,196.895,216.115,413.304,593.830,747.084,735.879,847.791,756.945,928.963,1012.311,828.996,836.611,967.849,770.957,507.100,232.904,431.069,565.298,496.205,321.521,347.885,400.237,63.917,257.841,68.312,-121.820,-103.365,43.930,-200.996,-51.933,-84.188,-162.727,-357.660,-75.421,-314.403,-333.308,-336.882,-587.272,-518.924,-621.415,-646.866,-405.282,-323.726,-364.711,-332.157,-242.390,-181.186,-91.624,-113.589,-165.823,-197.639,30.167,238.882,179.461,139.316,79.856,96.645,-226.296,135.675,263.990,150.068,-173.037,-88.137,4.526
