343.623,299.038,334.346,272.835,99.820,-183.215,-112.144,5.005,64.129,30.065,-114.865,-202.539,-313.952,-283.554,-263.025,-325.220,-312.489,-527.969,-495.744,-525.819,-618.549,-415.982,-546.830,-354.781,-202.687,78.745,139.042,106.213,-184.653,-258.390,-162.312,-199.560,-104.367,-57.955,-169.281,21.351,-77.869,-33.371,-150.680,-127.349,-145.814,-190.178,-275.479,-492.997,-379.918,-681.522,-695.348,-516.216,-455.008,-631.079,-465.126,-529.033,-481.951,-441.234,-191.316,-290.222,-198.471,-101.533,-37.696,-45.005,146.774,128.804,453.951,335.984,562.324,532.637,486.553,313.741,380.215,444.112,445.043,700.456,719.305,688.055,559.072,625.910,644.642,344.284,377.568,271.213,273.671,136.470,72.536,-95.047,-219.215,-180.887,-213.981,-241.048,-385.091
569.382,453.057,464.630,431.269,362.038,97.958,212.179,303.375,351.395,299.987,119.285,-84.238,-139.851,-119.968,-109.587,-231.954,-255.612,-468.526,-561.511,-656.642,-693.368,-512.928,-719.036,-625.096,-413.443,-212.223,-343.512,-292.097,-480.174,-577.273,-391.437,-415.545,-337.231,-330.972,-430.310,-244.012,-329.016,-204.325,-189.320,-131.613,-197.006,-225.545,-222.407,-345.646,-351.995,-623.494,-575.046,-522.704,-507.546,-616.557,-566.133,-553.779,-521.968,-556.968,-293.137,-398.796,-308.573,-324.230,-272.758,-236.537,-6.728,-90.422,139.718,29.745,255.955,112.912,125.777,57.013,98.798,116.479,87.632,356.741,427.928,408.935,206.132,403.403,455.279,214.813,291.642,137.674,153.522,30.556,-104.881,-198.559,-199.869,-184.833,-229.646,-146.370,-284.527
569.695,432.430,476.935,417.007,474.079,300.938,411.932,461.468,506.482,466.295,303.524,35.838,60.277,75.793,71.355,-69.849,-155.167,-337.877,-498.902,-612.867,-555.211,-444.677,-644.684,-663.495,-457.842,-432.557,-679.348,-564.043,-662.579,-755.527,-491.172,-498.004,-469.378,-526.215,-637.541,-536.777,-553.225,-351.965,-284.572,-137.816,-263.791,-282.455,-232.280,-230.381,-304.266,-446.292,-348.654,-420.648,-444.144,-455.754,-477.577,-384.254,-340.446,-430.492,-182.951,-188.491,-130.712,-246.607,-257.805,-236.191,-3.720,-121.916,-1.406,-100.162,37.686,-174.065,-121.271,-112.664,-88.021,-113.426,-205.824,-22.001,87.375,79.577,-216.534,61.708,148.500,-13.774,133.393,-15.055,30.980,-98.373,-247.717,-274.146,-121.920,-131.344,-142.881,56.514,-107.487
288.632,192.469,294.968,177.586,336.450,267.152,341.823,347.055,389.358,359.263,251.483,10.737,115.806,142.822,149.673,41.647,-100.466,-206.087,-363.297,-437.317,-269.529,-244.377,-348.381,-453.616,-308.180,-465.898,-716.590,-580.744,-596.443,-643.255,-360.401,-353.513,-406.050,-533.110,-688.765,-719.564,-634.849,-394.697,-366.013,-122.508,-305.720,-336.198,-320.066,-227.426,-290.603,-280.616,-165.034,-323.552,-379.008,-305.756,-307.343,-150.119,-53.295,-131.945,82.283,245.641,246.230,69.442,-35.313,-78.168,119.394,41.050,88.282,3.678,4.967,-191.898,-118.884,-77.377,-59.350,-129.638,-297.435,-273.948,-168.719,-191.296,-559.905,-276.229,-156.788,-241.578,-28.215,-135.676,-76.944,-219.203,-338.816,-324.507,-52.330,-94.539,-68.960,204.170,3.392
-158.806,-172.622,-26.368,-197.458,10.130,3.973,30.742,8.346,37.702,-12.924,-68.573,-188.234,-36.692,16.302,72.699,34.320,-139.571,-123.944,-222.564,-212.190,56.160,16.988,61.471,-78.936,-22.973,-271.290,-439.602,-337.212,-261.120,-224.584,-1.132,8.334,-126.672,-315.051,-534.810,-686.754,-505.313,-284.565,-343.458,-63.984,-286.117,-354.242,-441.528,-331.846,-329.039,-228.745,-130.545,-317.081,-395.945,-294.076,-196.921,-12.281,168.052,167.074,345.704,665.846,599.533,408.981,216.841,95.020,237.523,271.174,297.060,227.250,112.443,15.176,95.090,130.653,151.216,38.360,-183.638,-326.193,-271.031,-339.355,-713.990,-498.446,-355.773,-366.823,-125.882,-184.084,-146.278,-275.705,-355.453,-335.809,-29.648,-106.332,-84.663,196.674,-18.273
-548.871,-481.157,-330.679,-523.467,-320.728,-324.216,-339.282,-357.455,-352.408,-463.918,-510.468,-455.305,-318.982,-237.911,-115.160,-79.508,-259.112,-108.573,-130.138,-27.179,312.443,254.365,435.840,308.202,274.833,87.558,21.411,42.564,224.150,354.675,467.268,465.650,288.545,62.839,-210.231,-424.244,-186.938,-42.738,-170.018,38.369,-195.197,-318.567,-519.334,-459.284,-390.972,-308.892,-252.385,-408.886,-496.297,-442.427,-236.977,-63.090,202.496,300.629,449.709,830.379,707.939,540.426,302.587,125.842,218.591,389.348,421.586,362.141,216.129,263.531,341.045,351.521,380.777,239.897,10.584,-232.104,-249.771,-376.066,-666.947,-561.909,-417.815,-355.048,-142.812,-164.026,-168.503,-234.148,-294.009,-301.598,-61.545,-153.932,-192.009,44.539,-139.003
-679.352,-569.228,-455.349,-627.627,-461.208,-501.178,-545.288,-527.357,-544.791,-738.416,-835.267,-621.154,-563.320,-467.074,-306.871,-221.580,-393.484,-141.782,-101.394,61.260,430.853,400.526,652.143,557.289,459.715,472.222,463.386,377.817,661.740,858.411,866.643,844.169,689.327,460.633,177.070,-24.832,208.244,240.002,114.634,155.026,-60.364,-241.826,-492.423,-504.000,-423.532,-455.143,-444.925,-532.651,-609.320,-662.663,-420.282,-274.553,47.576,208.941,334.599,638.663,489.067,362.503,136.904,-50.922,15.346,283.314,307.822,249.625,182.100,357.593,419.713,405.871,447.486,306.771,121.752,-125.708,-204.816,-371.733,-507.483,-508.900,-398.176,-264.835,-129.597,-131.851,-167.715,-123.443,-191.098,-245.593,-139.545,-206.590,-332.366,-155.700,-268.486
-486.823,-384.447,-330.658,-450.482,-322.593,-392.421,-456.390,-390.002,-407.920,-664.979,-853.131,-563.773,-616.122,-524.592,-395.995,-293.428,-456.398,-178.571,-104.073,59.633,411.836,433.632,672.181,595.390,472.522,743.003,723.244,538.063,888.919,1092.282,1059.159,1013.499,931.147,733.837,495.709,353.827,529.136,444.403,393.322,236.471,64.931,-163.265,-355.673,-409.071,-387.353,-566.371,-589.207,-598.483,-650.534,-820.522,-654.151,-521.924,-187.710,-28.427,75.828,195.092,54.766,-29.451,-194.082,-354.783,-291.119,-12.688,-36.497,-101.991,-13.457,220.708,246.464,219.316,275.545,169.695,63.226,-123.277,-229.741,-400.171,-366.404,-431.009,-392.109,-208.254,-171.291,-166.784,-192.421,-31.623,-116.556,-218.247,-251.135,-244.814,-433.037,-292.486,-330.915
-79.285,-12.366,-20.535,-80.470,27.149,-25.564,-107.975,-12.861,2.399,-260.689,-536.876,-288.586,-429.409,-356.388,-331.671,-227.676,-380.565,-164.211,-72.173,35.632,322.019,384.941,557.180,463.955,353.975,831.442,761.535,517.531,871.396,1015.278,1024.786,960.041,952.490,807.677,654.309,567.933,660.310,485.537,532.547,239.143,129.653,-123.519,-163.067,-201.808,-282.399,-568.582,-604.607,-553.202,-582.677,-820.767,-818.074,-662.537,-355.153,-244.394,-162.234,-247.955,-350.050,-398.944,-480.694,-596.917,-527.676,-330.405,-433.374,-506.680,-260.549,-54.928,-88.696,-119.089,-46.861,-89.165,-111.362,-238.170,-340.142,-481.398,-332.556,-404.043,-461.182,-269.410,-321.653,-315.222,-281.078,-52.889,-134.265,-263.073,-377.796,-269.254,-452.031,-307.529,-313.371
333.193,376.968,318.503,298.276,407.306,428.171,323.676,399.998,472.625,274.647,-40.253,71.857,-86.828,-31.454,-138.137,-20.588,-149.900,-57.771,57.232,78.925,257.446,318.660,427.410,291.107,218.509,767.532,666.047,428.346,715.757,758.622,865.798,788.612,805.264,711.432,642.667,559.108,579.079,360.764,460.654,152.216,114.933,-133.472,8.023,27.767,-144.573,-451.503,-488.348,-410.982,-436.466,-658.308,-828.500,-618.118,-355.821,-286.699,-226.326,-434.614,-488.810,-511.164,-516.581,-589.414,-528.175,-467.885,-639.714,-709.407,-385.584,-271.117,-374.946,-405.385,-316.859,-284.446,-241.106,-367.526,-455.976,-562.155,-396.973,-437.177,-582.616,-436.449,-548.581,-544.689,-423.898,-217.699,-254.221,-375.472,-485.039,-286.898,-394.349,-220.888,-262.355
563.792,626.199,531.608,511.758,632.327,755.483,626.161,631.003,754.985,670.699,388.661,337.136,247.678,298.284,105.921,266.912,188.409,144.494,299.979,242.119,288.423,292.031,386.821,211.738,181.182,646.764,576.402,416.110,591.464,537.425,733.389,649.593,617.453,551.950,526.783,377.991,361.844,152.265,214.238,7.781,46.254,-159.589,107.283,188.601,-17.746,-261.652,-303.232,-237.486,-280.589,-407.413,-674.441,-411.561,-190.598,-107.334,-66.166,-252.004,-270.429,-275.271,-227.160,-261.880,-237.475,-316.759,-501.960,-548.950,-270.591,-258.015,-415.159,-448.173,-344.830,-248.452,-168.510,-362.389,-453.492,-550.528,-462.811,-471.001,-659.203,-597.395,-733.368,-743.847,-552.203,-456.141,-412.067,-488.135,-521.674,-291.813,-296.391,-104.792,-238.514
551.580,671.648,552.584,491.243,616.184,821.321,669.678,576.318,710.148,738.511,546.808,386.915,424.648,482.992,311.684,537.619,538.189,397.558,599.664,496.844,415.795,318.505,457.223,282.199,282.326,561.510,582.262,553.523,613.313,510.177,723.676,637.697,510.121,442.898,401.673,147.170,136.119,-19.998,-78.282,-133.850,-21.264,-139.934,142.122,246.919,76.363,-64.435,-128.755,-102.824,-167.972,-164.508,-410.424,-141.777,52.875,213.214,237.009,207.049,198.629,200.248,279.053,285.780,243.495,63.581,-62.007,-71.365,57.393,7.894,-155.716,-194.228,-80.278,52.263,143.897,-136.609,-255.782,-384.535,-416.532,-426.478,-587.222,-609.269,-734.026,-778.800,-571.345,-627.194,-498.290,-502.310,-440.100,-261.399,-196.332,-31.033,-267.181
380.602,562.367,430.838,302.222,411.612,636.810,470.667,300.951,384.225,473.556,386.745,230.929,390.290,455.411,422.740,701.857,791.706,618.955,842.587,736.637,566.480,358.533,564.353,443.612,459.201,543.666,664.348,784.010,762.897,676.716,812.590,729.067,521.406,434.305,331.919,-13.052,7.103,-68.109,-268.392,-216.512,-37.225,-25.167,167.058,241.192,147.138,94.000,-12.378,-38.193,-101.341,10.827,-120.318,80.191,260.878,517.005,520.071,699.477,676.035,670.938,767.404,828.300,702.313,473.504,455.259,481.632,428.246,380.101,271.919,229.831,346.382,481.652,570.067,258.408,97.740,-89.212,-214.403,-271.325,-338.607,-399.083,-479.006,-577.692,-422.489,-602.858,-425.699,-351.757,-230.679,-174.642,-113.680,-29.039,-320.929
209.598,412.512,286.059,93.850,165.741,339.407,168.648,-7.997,-23.558,52.162,36.132,-0.728,208.550,262.770,435.765,717.450,876.511,724.185,912.929,832.454,635.448,347.145,587.733,559.943,585.613,555.814,717.395,955.528,902.852,881.900,874.982,799.948,586.995,486.821,317.270,-50.887,2.556,13.358,-272.022,-219.217,10.696,180.026,238.520,244.639,216.163,199.475,46.968,-25.661,-44.372,116.054,120.829,189.873,358.624,659.670,632.940,969.764,919.849,897.539,1007.505,1133.180,926.570,687.984,768.746,807.778,625.393,630.080,626.224,589.736,696.424,807.366,884.180,646.608,453.213,219.530,74.368,-56.455,0.083,-29.130,-31.563,-190.954,-133.751,-355.763,-193.602,-58.775,53.744,-38.321,-49.450,-78.523,-343.688
162.639,322.980,224.474,3.804,25.158,104.001,-62.653,-157.241,-280.069,-273.069,-281.537,-139.224,15.648,35.376,393.115,608.469,790.647,671.779,761.488,712.282,552.505,243.119,445.114,509.553,556.128,533.128,637.268,924.505,875.788,923.683,777.148,716.655,590.383,506.414,303.989,-2.503,67.700,147.510,-115.656,-166.790,85.973,403.964,366.161,303.063,285.867,254.103,77.129,-25.011,31.740,178.766,266.210,188.524,339.574,585.546,520.599,887.784,818.298,778.669,898.917,1083.775,818.737,589.435,706.039,722.829,518.772,592.159,701.930,686.646,767.399,840.321,896.319,825.439,622.254,393.444,300.595,106.579,264.356,322.539,423.058,217.150,178.122,9.341,96.927,259.646,307.482,102.626,-0.531,-134.064,-295.044
252.551,323.385,272.601,78.177,51.276,42.277,-113.083,-60.174,-251.601,-315.753,-375.877,-79.657,-62.279,-87.695,354.968,453.663,606.594,492.757,446.765,415.955,333.534,67.326,157.051,272.081,360.256,442.455,409.338,660.992,621.772,695.036,481.032,437.802,450.072,415.801,232.586,44.023,110.305,225.972,83.714,-113.358,123.426,537.340,495.583,393.372,322.256,251.841,94.738,-14.525,105.575,210.518,295.789,118.980,247.668,346.009,245.365,508.759,439.947,397.635,519.220,736.862,447.951,237.295,305.486,273.237,150.473,272.851,456.774,481.277,519.911,554.318,575.609,690.228,495.423,340.631,327.484,116.499,307.436,462.119,669.806,450.282,365.348,307.399,294.124,448.566,420.274,184.667,28.251,-158.674,-180.421
383.816,367.665,369.480,253.279,195.498,149.084,13.135,219.424,26.458,-54.500,-193.327,156.974,20.703,-33.809,366.171,348.008,437.030,282.810,117.427,86.036,81.285,-98.741,-153.622,-48.011,95.866,313.516,133.359,282.363,233.520,265.367,87.647,58.899,185.247,214.716,88.666,14.293,65.259,178.523,191.633,-108.882,69.233,492.397,537.250,434.053,269.531,170.657,83.389,-13.108,105.299,182.892,207.469,23.696,133.699,58.082,-58.509,27.333,-18.250,-38.592,70.614,284.136,9.394,-168.065,-206.885,-287.412,-282.718,-146.265,39.420,119.518,105.757,109.119,80.327,305.585,119.078,88.990,124.647,-43.937,96.614,301.594,585.759,391.950,335.848,381.608,286.649,405.839,340.636,166.359,26.275,-142.082,-45.767
427.884,379.540,418.095,405.632,342.968,321.296,216.173,513.755,380.178,364.415,160.958,437.693,210.565,166.788,432.925,353.648,375.531,155.023,-62.030,-107.143,-69.922,-158.855,-332.353,-281.198,-90.438,218.283,-36.504,-11.617,-91.638,-154.446,-214.377,-234.669,-85.733,-11.929,-78.294,-100.356,-62.811,17.732,136.661,-169.603,-83.825,258.087,425.091,342.612,91.021,-8.384,6.366,-65.674,-41.402,48.644,15.677,-81.452,21.232,-164.343,-265.077,-339.257,-347.215,-324.560,-237.781,-56.157,-283.663,-404.259,-550.627,-645.162,-541.616,-415.968,-299.300,-158.417,-222.674,-240.672,-329.008,-124.555,-316.375,-219.106,-199.017,-282.653,-253.373,-76.069,218.201,80.139,115.291,202.327,78.325,151.266,114.752,62.454,-8.804,-95.299,56.907
317.161,312.746,358.152,434.624,391.050,429.824,369.076,653.826,603.975,715.795,490.293,596.559,390.648,400.093,518.836,464.006,442.221,176.134,-3.987,-65.380,-35.136,-66.295,-291.654,-301.206,-99.401,213.305,1.998,-63.674,-175.103,-342.989,-265.811,-280.062,-215.959,-144.727,-181.891,-236.914,-204.594,-169.346,-50.684,-270.534,-288.580,-83.903,166.708,101.208,-190.918,-268.987,-155.401,-201.725,-339.530,-206.186,-240.269,-200.754,-94.768,-263.316,-321.659,-466.347,-435.009,-367.098,-299.511,-152.431,-311.679,-355.359,-552.146,-607.072,-484.037,-370.987,-357.185,-169.078,-267.023,-297.068,-443.452,-373.536,-576.213,-403.067,-449.959,-443.803,-536.975,-454.514,-232.904,-305.219,-158.683,-108.108,-204.178,-173.138,-129.030,-55.887,-59.049,-32.248,105.491
94.234,184.690,210.522,324.754,310.815,396.979,390.585,564.666,577.324,820.518,619.777,530.548,450.677,530.280,561.886,601.740,566.690,323.659,246.310,173.724,164.564,135.787,-74.110,-112.260,51.536,288.498,219.985,137.086,24.377,-210.677,-43.902,-43.510,-125.310,-106.955,-154.363,-302.722,-273.147,-276.523,-262.291,-363.721,-469.061,-396.081,-149.656,-216.165,-487.242,-542.772,-370.420,-398.313,-692.612,-521.146,-490.309,-330.418,-221.255,-247.538,-263.021,-371.128,-308.940,-218.376,-150.567,-14.569,-101.482,-72.378,-236.728,-208.187,-146.299,-31.365,-100.813,98.236,-5.546,-37.665,-231.828,-324.931,-513.272,-348.062,-462.840,-400.314,-574.810,-606.946,-523.163,-540.341,-312.311,-344.373,-381.001,-378.195,-247.914,-100.655,-89.840,42.749,117.966
-115.087,63.202,64.789,150.641,155.639,234.241,281.302,298.979,324.120,636.032,490.264,257.037,347.297,471.039,505.742,656.269,623.335,493.160,529.491,452.533,407.964,328.711,165.279,144.711,234.008,363.383,463.721,442.602,376.562,140.080,313.149,349.592,141.935,82.451,6.001,-236.660,-220.757,-245.008,-381.929,-409.189,-563.957,-556.718,-399.383,-477.345,-679.290,-728.699,-557.679,-577.567,-936.054,-770.062,-646.272,-436.815,-339.095,-165.358,-173.926,-177.033,-95.732,-20.737,75.424,233.903,205.421,267.890,200.637,318.091,282.231,409.501,317.801,474.518,393.571,371.835,140.633,-39.515,-153.524,-73.457,-202.913,-136.365,-320.866,-431.178,-501.012,-485.605,-238.138,-340.906,-326.160,-336.209,-167.602,-23.755,-70.198,130.841,130.435
-185.050,18.552,20.058,25.615,17.694,24.429,109.549,-3.798,-13.847,266.759,183.213,-97.263,124.687,230.441,332.382,545.379,504.801,556.384,660.235,584.129,542.651,384.295,251.827,276.499,289.778,338.680,548.236,636.654,655.993,477.791,585.045,683.980,436.757,315.882,227.687,-49.611,-68.643,-98.473,-354.442,-397.547,-560.385,-524.891,-491.344,-568.219,-683.027,-744.305,-627.096,-645.628,-926.972,-824.706,-636.916,-464.124,-400.678,-66.643,-130.205,-25.721,66.019,92.693,239.473,440.401,443.283,475.827,521.635,684.265,574.420,702.345,656.237,718.251,677.532,679.998,415.155,285.965,317.591,277.907,207.381,234.522,107.259,-12.622,-191.850,-166.195,39.409,-72.497,-45.448,-57.353,70.391,146.752,3.717,223.417,161.727
-73.149,75.075,119.423,29.300,-34.366,-133.477,-36.001,-201.506,-265.932,-103.294,-131.574,-365.626,-111.692,-91.467,80.484,269.028,193.843,438.575,535.665,465.363,476.685,244.269,103.211,162.359,136.539,170.133,379.590,572.767,682.072,588.269,604.507,781.990,592.238,461.001,405.071,180.850,108.260,75.237,-211.844,-349.424,-496.025,-359.517,-419.575,-463.121,-501.514,-578.456,-535.418,-549.999,-637.153,-636.969,-449.654,-370.267,-358.887,19.628,-156.920,4.810,103.909,75.375,275.721,508.775,513.611,461.209,586.172,717.137,598.614,691.791,728.150,669.376,667.818,704.045,401.551,443.008,661.761,524.946,557.308,531.379,496.056,426.123,222.486,245.219,378.057,330.711,325.398,314.648,329.347,318.074,100.366,292.280,193.507
151.605,194.805,320.927,159.885,4.839,-179.905,-94.631,-223.851,-327.427,-311.812,-290.905,-427.346,-250.139,-349.513,-162.240,-77.088,-210.455,167.993,198.684,142.204,235.678,-37.818,-211.333,-161.109,-171.187,-88.158,24.082,269.893,433.006,409.659,362.589,609.058,523.419,441.264,459.553,356.434,229.391,182.845,-43.024,-293.185,-428.084,-179.635,-263.055,-242.465,-229.833,-308.494,-319.515,-317.097,-186.434,-283.606,-151.269,-165.545,-206.746,83.451,-225.364,-70.158,37.168,-22.012,211.084,436.655,425.066,276.393,422.517,448.903,388.959,406.279,511.255,352.744,373.495,440.998,99.007,341.225,724.260,556.475,672.062,612.294,661.626,659.706,516.468,534.331,604.330,663.368,602.788,586.664,456.940,388.196,168.855,298.254,182.679
352.737,302.343,522.279,338.272,82.538,-119.669,-57.032,-97.368,-206.392,-296.557,-221.929,-263.785,-226.259,-421.303,-294.006,-341.881,-533.809,-135.470,-184.750,-215.723,-52.622,-322.674,-506.655,-513.550,-469.073,-306.439,-325.602,-98.187,58.942,68.000,14.782,289.717,276.581,281.205,383.863,414.087,256.830,185.809,69.458,-237.917,-389.877,-89.344,-132.561,-43.662,-4.445,-64.118,-81.194,-42.552,213.014,63.566,133.122,77.733,4.322,119.920,-282.512,-172.277,-55.624,-104.744,123.839,291.664,265.783,69.023,189.015,81.115,113.082,34.875,153.273,-34.469,-12.141,67.326,-300.573,62.841,518.472,395.322,516.218,459.908,555.910,595.344,556.012,574.209,618.666,768.923,666.062,628.917,376.649,311.068,170.574,215.945,97.463
412.513,332.462,621.144,457.584,128.863,-8.297,41.909,85.201,-2.681,-113.341,27.803,41.345,-49.617,-264.219,-248.218,-396.815,-618.295,-329.316,-423.692,-418.557,-238.905,-467.383,-594.742,-680.057,-584.543,-359.570,-470.295,-315.473,-215.757,-210.082,-218.698,23.312,-3.796,86.992,241.408,356.509,212.622,122.330,102.018,-162.628,-365.127,-113.752,-98.181,25.027,75.341,45.125,70.812,162.559,374.627,232.017,279.458,258.316,186.715,122.914,-287.031,-220.204,-96.129,-107.026,78.506,153.159,135.295,-19.122,60.428,-148.541,-37.998,-191.202,-123.228,-243.630,-230.031,-171.781,-530.100,-191.859,208.196,178.336,211.884,191.246,287.847,324.112,371.978,396.478,451.812,628.264,525.844,446.481,134.029,127.993,105.036,57.276,-50.822
303.623,268.243,571.355,444.850,102.975,85.014,148.507,224.516,159.553,107.345,323.847,350.971,205.511,64.398,-33.299,-210.583,-414.923,-334.826,-417.383,-374.665,-248.267,-414.271,-406.651,-550.403,-449.663,-214.918,-335.012,-266.950,-238.987,-250.549,-196.424,-46.836,-169.376,-25.462,121.547,239.994,155.818,76.907,97.753,-31.951,-299.546,-186.704,-144.729,-47.380,5.877,-4.811,86.151,236.410,247.636,152.484,232.536,305.155,269.457,95.106,-226.852,-176.514,-51.455,-32.730,85.188,63.774,85.046,61.240,116.971,-109.240,33.832,-136.488,-154.888,-127.931,-115.637,-114.140,-413.660,-233.388,0.178,64.954,-40.301,-16.250,46.866,55.600,126.956,159.780,235.978,357.376,305.885,165.593,-132.537,-57.911,10.749,-126.086,-206.602
101.018,145.996,401.003,297.768,14.205,113.038,215.771,265.098,201.452,234.551,518.178,542.171,436.564,432.568,260.389,123.412,-22.321,-187.182,-216.622,-149.655,-129.950,-229.945,-45.805,-199.733,-152.226,31.788,-24.904,-19.274,-31.793,-50.628,48.633,73.248,-163.085,-8.412,80.030,130.711,136.876,117.846,126.204,170.236,-144.586,-199.271,-185.239,-169.422,-120.432,-137.238,2.728,200.181,-50.364,-93.821,41.927,224.874,247.332,64.259,-111.438,-55.035,59.936,60.689,108.763,21.247,104.552,249.272,306.648,157.787,283.078,166.159,72.105,267.565,298.062,220.547,21.186,-5.169,14.209,132.399,-88.245,-37.534,-22.225,-22.733,-1.748,36.309,109.775,118.420,151.111,-54.724,-279.710,-149.740,-61.351,-267.974,-303.796
-71.010,26.927,185.870,78.708,-91.333,67.246,218.075,211.660,122.788,200.971,521.713,557.199,557.224,692.757,496.002,427.666,355.863,-16.029,7.886,72.731,-27.203,-67.259,264.337,144.371,110.491,201.850,232.940,215.348,221.902,215.147,323.891,232.648,-53.982,84.576,103.182,60.240,161.207,244.522,224.687,412.299,94.898,-78.953,-124.964,-209.812,-175.601,-222.861,-79.988,138.400,-302.486,-319.084,-159.368,103.745,190.630,85.439,47.903,106.560,196.385,117.670,114.915,7.993,154.816,431.221,498.944,485.306,562.590,548.822,426.586,734.158,798.003,644.410,554.768,377.265,211.122,324.294,75.917,119.073,86.782,128.197,53.701,90.657,120.076,5.683,124.052,-127.338,-250.819,-123.125,-84.565,-326.991,-312.054
-119.243,-42.404,1.100,-124.156,-163.911,-26.325,155.310,111.673,-11.987,28.219,341.452,417.513,530.932,747.902,555.128,531.968,515.975,34.077,72.018,105.149,-84.263,-71.419,309.607,233.393,149.137,137.379,228.216,211.644,291.012,306.575,395.046,235.325,10.434,132.608,118.925,9.971,186.375,380.514,362.913,614.351,343.321,151.814,65.854,-88.187,-80.834,-163.511,-68.300,138.627,-323.634,-341.262,-225.776,58.435,203.917,216.650,248.824,280.888,328.148,134.961,113.336,27.980,216.955,528.007,586.438,698.941,725.434,820.350,721.991,1026.456,1117.196,916.908,903.359,693.673,422.048,485.747,311.517,314.644,238.500,368.671,201.921,231.354,187.140,-16.002,160.500,-89.555,-112.587,-45.520,-77.227,-313.829,-261.631
-36.007,-53.123,-114.454,-240.774,-177.375,-122.197,52.319,23.835,-117.289,-191.628,69.634,202.168,381.805,594.296,400.450,366.945,364.975,-104.612,-105.791,-124.278,-348.613,-287.849,13.810,-50.010,-101.250,-198.982,-99.541,-122.697,45.436,75.897,134.208,-28.343,-96.093,28.092,47.714,-66.582,154.209,419.359,456.792,682.714,485.019,378.557,320.140,165.408,138.412,41.477,61.585,230.744,-73.260,-97.160,-80.797,163.831,356.624,476.725,489.090,463.668,452.301,168.109,161.601,116.877,314.986,550.176,561.262,727.214,717.713,881.855,829.676,1007.375,1091.203,888.818,885.099,750.281,458.768,462.889,419.009,366.050,245.764,466.704,250.921,269.271,158.426,-78.426,116.334,-69.774,-12.319,-32.824,-91.359,-286.123,-226.197
106.231,-26.653,-160.021,-242.684,-133.205,-170.655,-43.828,-5.977,-129.464,-342.391,-163.627,7.889,181.500,321.495,101.404,6.314,-26.215,-376.370,-451.149,-522.881,-731.122,-629.860,-511.711,-612.430,-538.066,-691.089,-617.175,-679.695,-456.487,-428.678,-393.811,-502.024,-390.517,-246.555,-138.879,-200.079,35.794,295.477,424.090,563.563,430.367,462.017,507.844,422.948,364.284,290.613,245.816,366.877,320.781,314.737,238.075,403.292,629.537,813.019,745.908,657.622,579.259,288.066,323.055,313.727,492.840,581.722,513.789,632.527,602.809,772.926,744.667,721.396,749.379,585.823,522.526,493.295,234.832,203.694,267.266,163.202,-4.931,248.471,38.917,47.541,-82.358,-304.969,-124.126,-191.352,-81.496,-169.510,-174.973,-311.128,-272.262
212.814,14.160,-146.852,-138.819,-44.398,-129.344,-72.680,47.416,-27.664,-334.064,-248.546,-88.645,19.007,68.995,-194.915,-368.826,-458.359,-630.647,-776.225,-885.252,-1050.843,-927.101,-1027.666,-1192.724,-947.710,-1125.547,-1070.765,-1205.221,-994.904,-979.782,-960.233,-986.312,-759.987,-594.804,-388.958,-370.903,-140.916,35.456,245.766,284.760,179.436,330.730,517.593,537.462,460.476,443.090,374.712,455.853,642.574,690.044,598.213,674.109,913.975,1106.733,963.649,844.329,705.490,518.505,607.117,613.748,761.391,704.737,556.209,548.649,504.870,624.035,567.704,353.660,287.486,182.783,20.982,36.209,-178.413,-204.028,-121.068,-255.679,-472.124,-281.653,-446.521,-440.552,-522.619,-705.445,-551.319,-478.597,-346.616,-444.453,-333.188,-418.935,-408.935
235.197,70.875,-71.330,43.677,82.127,25.479,19.222,190.206,169.749,-137.427,-139.125,-53.290,-34.727,-40.105,-336.042,-566.109,-709.613,-709.653,-891.640,-1013.479,-1137.760,-1024.841,-1298.521,-1503.139,-1126.015,-1304.427,-1229.271,-1441.131,-1311.213,-1297.209,-1297.596,-1249.732,-1022.014,-851.061,-589.473,-508.369,-299.614,-244.423,-8.658,-42.444,-158.403,40.254,334.817,439.365,362.587,410.300,367.295,428.739,721.975,839.255,843.809,846.341,1068.106,1222.507,1066.278,970.984,796.875,799.330,935.979,939.459,1056.364,918.887,726.089,572.503,512.891,552.621,422.972,105.241,-57.622,-111.090,-360.595,-412.566,-594.804,-581.657,-578.992,-718.101,-973.962,-927.654,-1039.290,-1024.192,-1008.004,-1144.934,-1013.595,-828.787,-704.580,-746.639,-516.009,-577.184,-574.018
201.817,170.236,86.295,273.634,246.418,285.185,248.632,409.174,420.313,206.041,132.947,100.832,45.548,43.226,-242.628,-485.192,-651.954,-541.469,-718.122,-830.962,-930.075,-872.113,-1216.279,-1384.803,-988.240,-1147.352,-1010.361,-1268.083,-1249.913,-1205.073,-1244.844,-1159.211,-1028.323,-869.400,-623.689,-526.286,-355.873,-396.466,-211.720,-269.475,-408.210,-243.092,63.560,187.539,126.199,216.335,228.411,289.972,536.992,698.416,878.471,838.676,998.019,1079.082,993.005,967.988,798.330,1005.184,1166.641,1158.170,1244.404,1115.102,939.372,686.186,611.512,575.567,370.385,66.467,-151.144,-181.451,-464.511,-673.555,-826.792,-764.880,-892.676,-1013.007,-1289.972,-1405.441,-1478.019,-1440.656,-1322.252,-1412.753,-1297.659,-1070.689,-979.592,-927.019,-643.746,-705.731,-669.154
190.713,336.863,332.856,514.404,437.448,597.078,570.480,665.117,669.788,598.384,474.821,322.091,229.686,272.999,49.683,-169.676,-313.477,-181.941,-329.548,-420.451,-506.537,-544.608,-844.203,-886.921,-603.949,-724.245,-514.369,-764.191,-835.170,-724.968,-826.850,-751.545,-749.620,-604.737,-434.870,-374.421,-265.089,-323.724,-249.479,-284.398,-419.104,-331.603,-127.707,-60.386,-101.252,-14.323,48.430,117.433,220.178,360.880,710.360,663.790,714.155,699.867,736.946,789.704,665.211,1011.243,1161.334,1143.493,1183.764,1127.778,1029.487,762.437,685.646,597.276,370.547,168.384,-33.024,-71.620,-319.616,-693.899,-797.360,-698.921,-926.135,-1010.477,-1287.180,-1501.612,-1553.397,-1484.632,-1312.580,-1350.884,-1258.721,-1072.525,-1027.009,-889.086,-655.428,-724.032,-623.096
263.841,556.928,625.158,713.522,612.632,866.397,876.916,888.707,857.766,917.203,769.444,537.285,444.502,534.120,409.012,221.505,145.849,219.065,96.641,33.596,-36.168,-190.839,-361.082,-227.767,-142.245,-205.043,46.786,-150.035,-242.963,-54.160,-227.199,-206.703,-292.192,-140.739,-61.575,-75.309,-50.049,-39.016,-91.957,-75.300,-152.553,-129.987,-107.704,-143.130,-170.613,-136.922,-56.593,9.532,-33.376,11.914,435.815,415.317,328.098,210.282,360.922,451.974,395.744,766.874,866.545,847.472,808.225,837.293,851.335,649.908,596.559,480.541,322.249,240.145,121.481,57.406,-107.778,-561.187,-580.972,-465.083,-696.746,-733.672,-993.682,-1192.183,-1230.195,-1130.167,-982.539,-959.757,-916.999,-828.714,-819.699,-650.440,-548.713,-601.976,-441.445
410.044,761.440,858.909,801.421,697.813,981.825,1031.841,992.434,923.781,1056.198,917.942,672.991,603.902,701.613,676.991,505.406,526.666,504.026,387.069,357.555,320.000,60.577,51.014,331.964,230.440,235.983,473.063,338.477,304.079,549.240,320.204,254.741,159.919,349.258,373.178,275.719,207.074,333.739,180.713,253.222,282.123,294.419,130.116,1.980,-27.668,-83.573,-25.385,14.772,-95.001,-189.734,175.719,206.469,-8.352,-220.572,-23.099,39.584,42.394,331.633,352.731,339.173,183.207,259.060,384.261,281.574,279.797,151.766,143.441,131.713,124.261,40.435,-37.210,-430.735,-350.008,-224.059,-357.687,-341.380,-576.820,-651.474,-669.424,-549.627,-493.388,-411.070,-455.346,-467.451,-463.391,-334.631,-383.841,-381.545,-208.360
538.760,847.447,904.072,712.510,618.196,861.608,932.115,903.702,822.723,962.602,872.844,677.929,644.626,702.405,750.726,574.921,694.645,592.023,468.534,482.638,491.880,171.146,300.970,622.921,431.944,499.589,671.669,567.512,648.478,898.149,649.540,484.129,439.638,684.136,711.750,548.460,402.724,618.037,414.712,523.907,670.726,731.851,451.227,294.613,246.377,87.546,102.631,93.599,16.819,-205.849,6.868,101.348,-184.297,-461.994,-301.892,-324.822,-306.045,-148.918,-211.027,-216.803,-504.514,-439.629,-233.912,-265.311,-199.177,-330.862,-160.886,-179.151,-99.660,-179.247,-204.887,-417.614,-262.747,-114.066,-101.774,-34.176,-242.560,-148.808,-137.236,-17.125,-72.029,44.426,-114.563,-172.373,-132.140,-96.811,-247.245,-154.763,-36.944
532.811,731.020,675.312,423.893,347.182,500.868,566.396,606.731,548.656,658.674,651.722,540.918,551.991,547.743,631.192,449.281,637.642,510.112,393.715,463.024,518.005,196.381,408.846,630.367,477.844,580.490,670.438,545.481,751.054,947.601,722.920,461.867,472.956,754.456,825.390,634.271,458.629,672.200,463.390,572.416,798.647,936.441,650.967,555.490,480.064,227.100,210.260,142.290,156.876,-128.256,-69.337,83.543,-182.194,-480.320,-409.756,-534.466,-561.308,-513.620,-634.999,-633.502,-1024.384,-1011.046,-767.738,-797.896,-668.992,-793.572,-489.723,-564.475,-461.461,-509.278,-534.033,-523.786,-364.413,-168.985,-48.376,57.823,-119.625,102.531,143.936,245.116,117.934,219.089,-49.100,-67.813,35.110,-29.546,-197.439,-11.278,0.488
328.366,403.022,197.501,-11.390,-57.916,-7.593,36.873,168.035,153.419,237.004,327.500,297.167,363.728,320.317,412.108,248.513,448.848,357.321,285.857,413.458,493.246,225.795,450.124,460.309,430.210,526.984,555.437,374.794,666.662,774.669,608.336,275.026,297.721,560.592,663.051,492.928,353.605,459.571,268.211,332.392,564.053,762.697,575.008,614.473,517.976,195.173,182.919,66.574,160.391,-100.640,-105.647,80.511,-72.666,-341.320,-351.256,-544.823,-670.514,-661.825,-796.678,-787.602,-1207.971,-1249.160,-1006.859,-1108.825,-943.072,-1040.195,-701.672,-821.569,-762.666,-763.535,-823.016,-644.508,-562.573,-306.746,-182.132,-60.548,-197.640,54.314,112.914,184.929,63.143,92.979,-233.310,-141.628,12.545,-108.581,-228.525,11.720,-83.199
-30.042,-47.340,-378.683,-463.856,-462.398,-498.184,-475.182,-276.659,-257.676,-172.113,-0.439,17.691,150.075,125.001,218.408,111.592,255.270,230.742,244.963,415.234,488.457,305.035,473.946,245.285,329.853,382.691,389.905,162.326,476.724,498.405,407.081,43.245,24.271,197.487,267.916,168.519,127.543,65.805,-105.323,-124.339,38.881,254.871,218.310,417.087,322.722,-36.556,-5.576,-143.698,-35.825,-208.140,-155.635,24.103,39.936,-158.891,-187.712,-387.889,-631.623,-593.842,-691.753,-672.339,-1026.815,-1093.793,-878.964,-1088.732,-922.549,-965.307,-698.639,-797.406,-817.864,-776.688,-871.841,-645.371,-689.945,-391.774,-376.451,-266.777,-351.474,-169.452,-111.361,-65.823,-105.731,-183.240,-478.410,-255.942,-106.810,-213.117,-275.858,-53.694,-200.315
-398.013,-460.393,-831.046,-771.398,-708.920,-798.994,-788.695,-575.919,-560.434,-450.443,-243.084,-216.563,-19.821,31.783,132.612,111.008,141.320,165.622,281.026,457.964,500.278,397.369,459.588,60.466,167.920,159.338,178.413,-43.258,235.573,204.543,189.017,-151.228,-229.711,-196.883,-240.042,-230.364,-139.935,-343.608,-496.976,-615.136,-557.814,-364.873,-259.535,62.806,6.384,-350.710,-261.601,-392.426,-341.326,-411.635,-228.960,-96.586,82.623,-25.578,0.450,-149.617,-485.694,-397.914,-424.547,-391.422,-601.296,-658.534,-487.093,-783.457,-649.917,-617.388,-484.092,-483.353,-568.849,-505.935,-605.957,-456.760,-612.794,-328.063,-480.849,-403.123,-429.547,-362.861,-314.948,-284.533,-205.193,-387.015,-551.249,-239.561,-178.186,-207.522,-260.918,-131.842,-246.710
-602.884,-675.480,-968.700,-811.762,-695.540,-810.373,-808.081,-632.784,-664.611,-537.691,-351.919,-345.838,-108.095,42.837,152.988,215.842,114.103,127.992,318.014,456.467,465.106,412.809,343.415,-95.501,-81.606,-140.003,-100.098,-247.357,-32.879,-75.017,-22.036,-285.730,-389.199,-498.062,-705.009,-574.349,-362.781,-601.857,-730.761,-930.012,-963.658,-807.798,-616.917,-250.867,-232.987,-547.293,-421.904,-529.397,-567.091,-573.237,-287.478,-227.723,47.529,30.496,150.472,73.065,-295.374,-197.243,-148.970,-101.641,-138.125,-168.771,-50.987,-364.601,-282.778,-173.354,-160.341,-22.280,-121.106,-58.421,-122.076,-124.059,-316.263,-121.770,-413.643,-370.422,-347.010,-364.469,-320.813,-296.158,-114.613,-360.751,-321.656,-3.061,-100.247,-32.010,-146.253,-153.674,-169.617
-538.120,-607.243,-729.750,-566.399,-433.562,-554.776,-568.679,-453.743,-557.689,-451.747,-330.334,-353.619,-119.899,100.707,206.353,322.583,124.667,59.435,261.707,327.530,323.852,284.181,93.557,-252.673,-397.474,-471.666,-423.567,-453.151,-297.353,-326.536,-214.773,-368.533,-433.857,-631.355,-984.858,-760.715,-478.586,-615.430,-701.618,-930.625,-1001.688,-870.808,-666.371,-346.666,-234.695,-470.453,-359.158,-448.831,-554.024,-557.054,-283.568,-293.880,-23.174,38.409,232.806,210.548,-123.221,-90.122,4.295,61.652,167.817,152.921,211.468,-34.349,-5.327,159.478,131.114,373.925,316.663,369.332,368.369,216.952,85.182,125.530,-203.068,-177.438,-127.367,-142.467,-86.141,-70.343,156.223,-101.229,153.265,397.252,121.938,255.621,35.810,-98.844,-0.313
-224.710,-288.031,-218.200,-137.788,-48.995,-168.542,-216.142,-147.021,-313.009,-272.912,-222.829,-268.755,-92.076,130.148,203.944,329.523,121.112,-63.428,79.932,68.302,86.733,34.145,-228.791,-402.857,-673.283,-725.698,-686.601,-608.638,-484.808,-506.253,-349.064,-394.325,-378.461,-580.578,-995.416,-746.325,-465.758,-400.055,-424.954,-615.791,-667.516,-545.941,-385.580,-176.923,16.811,-120.482,-76.801,-171.820,-290.200,-336.486,-210.402,-260.612,-84.049,38.911,242.830,236.799,-17.680,-113.826,-22.791,37.657,215.740,190.052,193.966,77.874,69.186,254.575,287.250,543.649,550.268,600.076,659.433,421.065,415.631,285.340,43.108,78.084,126.423,206.137,289.193,277.855,485.766,251.179,660.085,787.571,383.558,513.431,200.111,-3.744,169.166
197.462,147.030,344.079,294.598,277.950,163.788,70.298,131.798,-54.198,-100.157,-89.058,-147.041,-67.067,86.859,102.832,204.355,90.955,-201.499,-164.116,-223.585,-153.586,-219.210,-476.334,-473.982,-749.870,-759.653,-734.689,-609.657,-492.063,-531.659,-351.570,-327.446,-247.058,-378.315,-738.378,-556.641,-345.593,-64.815,-25.346,-121.126,-129.627,-25.571,63.529,143.373,369.355,324.089,271.762,145.273,63.958,-31.904,-123.733,-170.028,-126.705,38.819,183.438,163.070,-5.650,-243.640,-207.365,-149.194,27.568,-28.178,-56.685,-30.478,-50.299,125.668,291.962,459.177,503.486,566.559,659.950,417.901,539.114,285.197,212.770,277.078,304.497,530.362,638.487,575.058,726.488,511.044,955.368,979.224,548.406,602.007,260.783,67.171,248.427
544.000,525.100,726.955,560.126,404.671,300.259,169.087,258.195,106.578,-2.688,23.263,-42.637,-67.997,-16.440,-66.372,1.778,62.665,-279.787,-350.882,-406.859,-275.584,-329.344,-497.867,-373.023,-510.960,-483.291,-462.587,-367.343,-248.225,-330.438,-161.241,-130.791,-63.489,-90.988,-304.376,-271.477,-171.954,243.157,326.729,346.313,356.911,400.788,421.937,401.834,585.360,597.145,460.463,290.769,265.514,153.189,-113.875,-120.126,-182.546,1.917,57.537,21.772,-86.636,-417.055,-471.223,-415.993,-282.309,-363.267,-383.423,-253.959,-252.424,-96.388,209.679,227.933,248.715,333.806,429.176,247.191,431.613,151.429,256.991,348.737,355.113,718.504,832.459,701.393,797.116,566.672,908.592,881.049,532.952,469.074,184.944,65.742,207.547
683.255,716.953,804.505,579.835,298.944,209.935,72.523,198.052,122.568,7.593,93.324,15.317,-88.878,-120.988,-221.590,-177.351,69.474,-248.938,-389.090,-393.637,-215.209,-220.459,-245.881,-69.859,16.788,58.432,87.299,104.920,212.665,84.939,206.013,181.384,138.666,194.805,153.020,4.800,-12.852,404.321,495.403,605.023,577.727,501.849,478.839,414.690,484.023,500.758,324.241,123.724,141.727,61.643,-242.317,-197.471,-286.283,-115.486,-122.029,-145.630,-227.531,-563.503,-718.162,-663.057,-570.888,-649.682,-613.613,-450.944,-396.346,-249.649,134.200,17.204,-46.826,47.085,124.910,26.546,182.676,-14.378,207.563,299.847,302.092,749.850,843.938,653.393,720.982,442.219,574.247,551.798,353.138,179.444,13.404,-9.563,93.029
601.115,692.778,609.631,401.276,51.905,-17.286,-121.229,15.701,28.499,-30.349,124.962,29.654,-103.666,-161.108,-284.680,-255.072,107.824,-134.585,-285.425,-218.576,-23.890,47.929,165.628,342.120,633.143,667.254,702.253,652.952,727.355,577.246,626.343,512.137,303.289,387.476,468.272,177.850,71.438,372.536,436.308,579.267,461.128,226.757,191.767,138.521,58.634,33.762,-130.397,-329.569,-290.318,-304.718,-485.434,-407.200,-429.314,-311.277,-315.486,-292.542,-364.287,-625.236,-863.703,-807.948,-727.284,-773.198,-647.844,-521.442,-391.632,-235.085,128.818,-46.699,-221.010,-156.230,-96.492,-123.688,-68.522,-106.783,139.015,192.070,210.603,679.194,737.535,522.378,590.490,266.830,151.804,162.072,107.816,-126.232,-164.380,-115.694,-8.324
398.248,525.462,302.963,166.286,-175.775,-224.011,-272.264,-171.319,-88.816,-60.047,132.580,24.803,-86.199,-105.700,-232.731,-226.015,127.076,-33.447,-147.052,-27.876,147.753,299.740,502.233,663.492,1040.336,1067.128,1085.134,1033.216,1060.449,922.903,905.990,706.508,356.920,412.186,524.424,192.151,48.149,183.515,204.369,324.066,103.332,-272.368,-288.398,-299.686,-504.451,-588.337,-708.775,-871.481,-816.160,-765.712,-727.771,-650.288,-541.972,-510.039,-452.357,-369.825,-418.803,-567.575,-851.336,-802.376,-704.388,-706.897,-496.106,-448.004,-240.243,-63.978,194.680,56.590,-201.649,-215.969,-164.231,-149.230,-218.075,-86.575,107.045,89.890,132.288,575.756,601.792,411.889,489.242,177.205,-137.193,-107.262,-85.607,-315.032,-263.956,-195.083,-30.938
224.772,342.915,76.516,30.014,-243.585,-272.069,-279.936,-262.041,-145.829,-45.478,126.861,28.044,-27.348,23.829,-111.714,-155.091,63.192,-52.138,-110.667,10.853,137.778,340.555,535.272,688.212,995.672,1042.514,1010.296,1036.051,1021.788,920.395,877.125,627.971,238.552,237.328,299.453,45.796,-76.962,-72.742,-85.881,-14.129,-292.710,-728.165,-702.639,-673.132,-921.807,-1041.402,-1122.556,-1230.946,-1139.260,-1056.311,-817.620,-770.041,-524.928,-589.841,-454.392,-336.533,-331.761,-384.982,-661.361,-636.746,-517.674,-497.677,-250.987,-285.077,-22.768,162.895,281.996,246.070,-30.586,-162.978,-114.154,-83.161,-249.531,-3.135,108.529,17.905,71.257,466.212,478.428,357.745,430.884,222.743,-175.909,-164.907,-158.961,-333.671,-252.916,-211.262,26.260
192.568,257.257,48.042,76.528,-106.064,-115.321,-134.176,-224.890,-109.377,9.721,109.949,54.449,60.803,168.907,-4.536,-126.842,-105.799,-227.549,-244.034,-178.505,-120.495,78.151,180.589,329.854,455.663,562.527,458.880,609.717,577.519,508.178,496.853,243.144,-60.835,-105.728,-123.736,-212.639,-262.665,-298.452,-322.079,-277.147,-528.748,-905.422,-830.196,-785.327,-971.395,-1070.927,-1145.478,-1210.846,-1052.901,-980.801,-656.428,-644.865,-314.838,-454.229,-278.707,-179.955,-98.602,-107.320,-319.049,-341.374,-225.035,-224.972,-24.529,-114.029,155.125,323.524,330.031,401.781,178.061,-78.787,-43.424,-11.734,-224.825,44.119,90.108,-44.892,-6.540,323.349,340.707,308.804,359.048,337.737,-5.533,-46.497,-121.960,-225.317,-161.671,-165.868,104.922
315.728,308.751,204.446,277.233,167.854,179.691,89.170,-104.765,-8.387,71.365,81.273,102.769,154.171,270.519,24.304,-182.985,-324.904,-485.669,-488.361,-520.463,-543.178,-410.291,-437.431,-306.102,-377.830,-185.924,-353.034,-94.174,-115.947,-183.047,-114.163,-340.534,-475.942,-524.063,-591.418,-503.303,-449.413,-430.176,-444.153,-371.928,-511.679,-725.542,-611.548,-582.995,-621.588,-638.057,-741.260,-800.049,-565.352,-534.384,-268.104,-271.660,58.039,-105.482,44.285,66.151,213.220,198.171,100.230,13.548,95.342,37.355,109.279,3.267,220.431,344.471,306.048,440.158,312.111,-34.668,-36.195,-11.792,-226.490,-22.300,-3.185,-134.406,-131.427,105.514,134.312,180.829,207.132,397.341,222.039,128.320,-38.353,-85.842,-53.395,-87.915,136.180
510.299,451.974,421.907,513.038,438.855,473.814,280.986,15.208,93.452,102.793,46.590,160.973,230.780,302.442,-29.752,-292.014,-479.837,-674.083,-685.500,-824.732,-932.583,-910.026,-1042.056,-957.513,-1146.229,-883.350,-1078.635,-788.826,-782.680,-883.324,-723.084,-913.652,-881.659,-891.812,-943.512,-742.701,-583.389,-458.056,-458.951,-305.424,-290.518,-300.382,-177.404,-185.297,-53.839,53.235,-88.292,-183.640,98.287,83.946,197.698,214.212,462.459,332.076,406.729,321.742,482.939,439.190,480.224,326.818,361.477,237.459,136.627,46.722,163.133,232.163,219.254,355.901,321.091,-50.273,-110.315,-101.454,-293.278,-201.190,-175.633,-260.115,-289.901,-185.832,-152.699,-57.783,-27.741,316.238,354.593,244.768,28.227,6.618,24.024,-6.444,97.435
648.871,587.809,545.699,644.925,576.554,631.533,364.374,69.760,143.156,90.923,20.366,214.330,279.276,279.971,-110.929,-371.961,-463.743,-654.589,-677.750,-901.241,-1088.693,-1184.812,-1352.848,-1336.775,-1514.963,-1238.570,-1421.164,-1199.100,-1166.218,-1316.922,-1100.294,-1262.676,-1141.868,-1096.454,-1078.011,-868.941,-635.542,-416.319,-417.128,-163.226,-14.124,139.797,231.628,187.347,436.503,665.980,514.820,356.063,619.894,578.132,536.084,600.041,721.888,662.320,664.239,487.891,589.555,529.812,696.712,492.915,502.056,343.261,88.660,31.759,29.078,54.896,106.653,211.309,231.027,-92.692,-214.602,-232.489,-391.583,-408.063,-362.895,-384.382,-418.182,-476.325,-446.392,-333.831,-254.194,120.084,338.093,266.464,58.536,40.063,70.012,71.329,34.890
635.306,621.101,480.658,591.605,528.236,591.025,333.760,49.702,131.365,52.569,17.428,249.632,297.311,240.735,-143.470,-350.313,-252.633,-398.676,-417.153,-681.765,-928.498,-1109.360,-1240.355,-1284.881,-1346.423,-1135.809,-1286.703,-1201.958,-1157.011,-1340.398,-1132.248,-1271.947,-1167.826,-1081.225,-984.105,-855.565,-605.996,-353.653,-370.670,-48.869,162.058,379.912,406.245,342.154,605.141,914.916,809.161,590.959,764.419,719.246,593.865,706.428,705.837,718.646,705.117,492.763,475.081,431.661,668.933,444.725,475.055,337.770,10.016,-11.290,-111.600,-103.712,7.292,89.426,115.572,-107.307,-269.797,-323.194,-438.080,-524.206,-461.999,-437.428,-435.815,-642.786,-607.828,-494.050,-327.892,-61.217,240.936,246.604,82.483,64.463,125.514,159.894,33.493
456.897,512.411,241.313,371.577,340.583,391.887,248.013,1.030,92.847,18.638,39.525,255.017,284.201,213.371,-85.133,-219.093,62.472,-20.875,-10.666,-269.120,-538.444,-738.910,-794.672,-857.527,-767.034,-685.119,-820.142,-878.377,-834.988,-1005.394,-866.723,-972.246,-954.864,-862.633,-729.860,-711.184,-513.125,-301.450,-338.321,-21.231,165.237,337.786,287.314,224.269,394.412,719.890,709.203,463.974,504.503,469.959,351.887,484.667,404.253,458.814,510.472,332.184,182.547,182.657,406.488,194.236,288.765,224.710,-63.591,-53.649,-197.345,-185.910,-53.884,46.992,49.912,-53.288,-219.416,-305.607,-354.494,-466.096,-389.940,-357.582,-296.328,-579.198,-510.984,-396.647,-142.500,-75.873,193.697,274.454,144.781,142.218,234.534,274.506,153.444
187.814,298.031,-62.177,89.570,127.294,149.627,187.579,-9.943,77.723,10.099,68.588,220.271,237.088,197.547,42.364,-45.954,314.979,278.815,333.677,120.530,-125.415,-274.465,-267.353,-291.355,-91.077,-149.930,-306.565,-449.385,-406.475,-512.782,-468.275,-511.756,-579.195,-515.716,-415.800,-469.462,-376.700,-257.999,-299.101,-66.079,40.170,100.313,-6.376,-56.073,-38.693,240.558,335.318,105.903,22.789,-3.219,-65.160,44.392,-60.424,-4.462,169.233,79.297,-156.875,-108.517,21.915,-155.075,12.760,41.693,-107.507,-71.980,-192.527,-172.726,-63.320,96.167,77.711,80.220,-56.107,-156.359,-116.489,-230.507,-132.817,-129.707,-19.571,-262.747,-128.786,-11.173,289.066,146.016,289.996,398.638,259.808,291.304,401.223,406.925,377.546
-53.042,70.508,-288.126,-120.686,5.986,-5.236,206.016,60.431,116.021,25.100,75.453,142.547,156.590,169.915,166.676,67.961,356.353,333.683,430.524,288.382,105.024,54.323,76.826,129.765,352.954,202.548,-1.830,-140.082,-79.370,-91.454,-117.397,-72.389,-160.368,-137.895,-124.259,-177.673,-208.490,-197.096,-215.877,-115.938,-87.821,-139.163,-255.814,-294.349,-417.365,-224.768,-69.263,-252.894,-404.167,-433.844,-457.020,-404.476,-492.981,-458.620,-163.667,-146.709,-385.751,-307.411,-307.880,-441.219,-236.068,-135.146,-98.136,-45.020,-87.667,-70.131,-5.916,218.703,205.046,281.708,188.161,103.288,233.657,110.736,245.163,202.681,316.524,223.248,430.940,541.530,820.159,536.758,517.146,582.659,390.518,462.682,574.004,518.423,608.445
-162.700,-67.819,-337.156,-162.999,41.641,10.689,305.743,210.063,200.855,47.429,41.883,36.472,58.747,111.258,213.450,55.970,148.604,117.591,234.158,174.872,68.406,117.388,107.837,228.846,392.830,239.603,3.551,-57.468,44.590,121.384,81.279,215.578,186.948,187.135,106.266,110.407,-17.633,-95.053,-72.250,-103.145,-97.398,-202.671,-277.285,-317.590,-506.558,-414.078,-283.873,-419.568,-566.651,-610.065,-654.141,-661.704,-723.813,-702.446,-344.634,-238.840,-400.029,-319.067,-420.119,-514.404,-336.122,-210.139,-8.355,45.671,107.421,111.118,140.200,392.470,413.578,533.827,472.174,429.339,614.038,457.974,636.199,557.446,618.422,725.140,967.707,1041.158,1238.288,921.750,761.924,723.798,467.762,568.122,669.720,558.061,721.911
-100.208,-53.832,-195.143,-19.234,224.966,200.783,448.614,399.762,300.577,69.309,-17.961,-59.423,-17.824,33.884,158.153,-66.307,-203.736,-229.426,-127.030,-104.860,-154.467,-52.191,-109.572,20.524,85.304,13.276,-191.217,-154.106,-1.799,128.467,128.334,313.287,386.817,407.716,271.604,338.072,174.334,41.582,102.346,-11.371,47.945,-36.437,-35.019,-90.579,-247.405,-247.287,-231.170,-342.402,-431.014,-486.656,-600.859,-635.991,-690.230,-649.796,-311.736,-156.222,-202.431,-138.284,-246.857,-312.332,-217.025,-109.754,180.895,205.422,367.117,361.102,390.033,604.944,674.309,819.565,767.776,777.022,946.923,738.018,942.504,851.027,823.965,1091.725,1287.053,1284.202,1377.394,1118.341,884.598,721.656,436.620,538.729,623.149,495.156,643.635
102.264,108.192,72.693,252.837,490.200,496.312,588.243,583.044,388.593,109.136,-53.665,-89.648,-20.416,-13.217,46.597,-206.606,-506.736,-478.717,-423.783,-335.077,-374.975,-293.190,-374.697,-318.565,-342.057,-297.088,-389.462,-290.884,-109.045,30.180,88.878,255.201,410.788,501.739,371.941,451.874,323.818,167.019,237.656,107.546,271.204,256.038,334.968,259.902,211.937,139.897,-5.225,-123.126,-137.553,-191.489,-370.336,-379.674,-456.207,-366.907,-109.432,56.700,101.305,145.844,146.778,101.948,100.254,173.596,458.598,413.042,648.449,657.572,725.691,843.410,949.433,1111.583,1057.095,1106.413,1188.562,929.637,1114.886,1029.098,922.523,1240.037,1297.295,1194.361,1206.332,1040.343,809.081,548.157,296.635,372.917,429.418,343.144,399.152
362.373,350.578,364.878,555.821,754.427,794.530,698.742,733.636,466.747,206.808,-0.408,-4.857,92.554,30.812,-30.105,-253.130,-586.994,-449.882,-463.775,-336.472,-417.938,-422.732,-485.571,-568.255,-635.508,-504.749,-437.790,-348.035,-185.622,-67.905,21.481,99.436,268.870,464.841,389.513,415.557,374.709,215.011,257.701,162.811,422.951,474.402,602.931,516.615,604.023,487.952,202.632,62.226,102.409,69.661,-108.226,-44.842,-163.631,-24.518,143.907,296.557,361.819,397.004,591.635,565.144,505.010,564.089,769.602,617.708,892.137,949.218,1079.103,1074.138,1185.904,1356.977,1311.284,1373.274,1328.560,1047.997,1155.984,1075.054,937.886,1177.331,1046.721,858.969,839.128,742.660,568.585,270.098,106.791,140.126,150.972,156.556,102.258
587.039,573.907,593.975,798.221,952.581,1003.838,780.775,851.783,563.354,395.388,182.242,208.131,321.792,197.684,9.201,-146.330,-392.788,-123.083,-208.602,-79.247,-229.757,-345.719,-362.380,-595.144,-655.741,-520.326,-321.469,-306.372,-220.442,-129.066,-67.377,-111.426,-1.745,304.606,294.568,229.273,287.693,137.238,126.747,82.516,368.963,439.239,578.989,497.391,695.093,571.503,228.755,79.415,140.342,144.964,56.303,207.692,51.817,203.403,324.156,457.536,467.292,505.491,898.720,892.845,845.049,928.170,1025.106,754.965,1034.963,1157.181,1343.750,1234.549,1315.955,1478.464,1475.128,1521.812,1367.089,1106.429,1093.967,998.274,891.375,972.758,681.431,469.544,461.626,380.153,278.585,8.201,-49.341,-62.658,-116.032,0.864,-113.032
707.085,689.884,716.347,925.026,1051.514,1074.620,844.683,948.092,706.176,666.873,477.033,507.293,612.432,459.876,185.169,81.898,-24.005,344.675,203.545,299.155,93.391,-101.565,-84.661,-416.438,-435.166,-381.828,-156.707,-246.611,-272.638,-192.526,-211.815,-353.281,-340.966,46.811,76.934,-57.278,73.016,-61.100,-121.703,-135.752,73.760,99.102,224.666,162.275,414.611,328.095,34.840,-83.879,-27.508,22.257,77.661,291.295,129.106,232.875,364.690,485.449,399.944,446.557,953.941,971.437,999.121,1134.812,1138.557,777.069,1033.721,1204.434,1418.057,1253.865,1276.743,1403.398,1479.293,1496.051,1294.618,1089.529,952.010,817.655,777.008,704.491,353.935,205.125,221.786,110.279,58.825,-139.693,-115.145,-171.903,-294.471,-85.957,-174.399
694.206,656.071,731.807,923.570,1044.078,1006.675,887.847,1020.956,890.195,957.844,804.290,803.127,868.650,734.155,443.955,327.832,328.576,712.100,544.016,581.936,371.962,174.275,174.156,-166.131,-130.003,-203.587,-93.766,-274.174,-403.131,-317.184,-432.546,-595.112,-667.585,-254.669,-221.918,-351.437,-197.661,-312.321,-392.801,-413.942,-368.864,-433.833,-320.967,-358.508,-110.335,-114.996,-277.825,-319.694,-274.179,-179.782,2.600,223.506,97.526,102.341,280.286,399.597,236.684,288.997,771.281,811.976,934.754,1118.972,1069.085,680.454,889.493,1060.245,1259.907,1094.974,1045.208,1109.857,1280.356,1270.647,1095.089,961.387,738.319,555.938,570.708,420.572,141.950,132.462,152.641,3.743,-40.593,-159.134,-94.449,-194.570,-364.702,-114.712,-114.331
560.014,488.932,663.766,811.594,937.004,837.733,886.943,1047.943,1065.658,1170.634,1053.853,995.017,995.366,920.810,688.123,481.698,497.751,799.271,634.361,609.442,458.584,342.326,265.619,4.689,89.833,-89.238,-203.261,-428.273,-604.698,-511.711,-688.487,-777.820,-891.093,-520.099,-505.944,-549.003,-415.518,-513.871,-574.303,-631.112,-777.266,-938.636,-813.814,-830.812,-630.304,-524.628,-539.207,-475.610,-433.800,-301.308,-76.988,94.030,37.768,-68.428,143.331,272.843,96.270,149.164,475.362,535.716,718.957,912.218,846.477,511.878,656.015,770.953,919.407,790.251,667.417,660.718,903.916,882.499,772.708,704.469,462.417,247.840,268.237,137.162,26.867,184.380,174.031,18.982,-59.441,-122.291,-44.796,-196.471,-365.461,-134.529,-46.164
345.242,252.511,539.529,622.398,746.290,624.403,813.435,1000.015,1158.844,1222.585,1139.500,1020.000,946.777,957.120,832.272,496.221,437.280,595.922,452.853,377.068,327.804,342.704,158.789,23.690,138.528,-70.622,-425.147,-642.702,-787.168,-708.595,-878.543,-826.316,-940.112,-667.414,-662.233,-579.768,-487.605,-580.224,-593.790,-688.755,-973.483,-1199.231,-1033.239,-1039.103,-910.601,-699.840,-616.536,-452.162,-406.932,-248.701,-90.946,-1.269,19.769,-160.852,32.780,185.012,66.663,118.536,225.098,300.452,475.781,622.468,560.733,346.889,422.482,451.821,525.772,442.700,258.141,197.130,457.254,436.992,380.574,358.980,160.640,-49.628,-78.253,-132.281,-60.666,225.599,166.904,51.731,-83.350,-132.019,-35.966,-250.822,-359.297,-197.268,-88.078
107.347,30.345,384.163,397.456,502.675,425.045,661.646,868.758,1115.100,1095.227,1045.792,887.053,753.792,852.516,848.278,412.547,242.014,264.128,140.414,33.361,84.336,219.341,-50.935,-70.874,43.369,-108.571,-612.983,-786.847,-832.679,-804.659,-899.850,-694.808,-797.724,-649.303,-621.370,-443.481,-389.391,-489.741,-456.623,-565.488,-874.544,-1113.490,-894.196,-897.304,-850.897,-580.056,-488.286,-259.964,-213.199,-50.198,-32.889,-16.399,59.195,-127.512,-10.212,178.595,156.190,208.921,124.038,211.466,315.810,374.634,320.018,251.978,276.132,237.140,230.068,183.770,-39.006,-115.469,93.538,74.825,23.154,28.380,-95.440,-261.102,-358.766,-347.069,-166.033,158.086,66.946,20.685,-170.140,-245.266,-102.737,-383.049,-387.523,-320.416,-283.819
-90.563,-106.302,226.565,185.598,257.451,287.564,467.308,684.957,936.591,851.397,838.903,675.118,511.693,682.536,772.917,326.583,79.407,33.148,-95.951,-218.052,-111.572,76.399,-215.901,-174.959,-100.292,-144.078,-638.927,-757.270,-682.792,-738.814,-723.543,-413.236,-520.658,-481.663,-402.475,-212.892,-182.518,-297.088,-241.410,-328.251,-533.523,-739.479,-483.124,-488.805,-523.733,-263.688,-244.302,-4.682,35.423,171.664,46.369,30.033,117.519,-8.889,5.084,241.201,295.373,348.063,169.518,269.322,279.055,247.053,200.101,252.839,263.272,213.147,132.887,107.882,-115.873,-165.253,-59.396,-89.427,-179.957,-161.824,-222.396,-318.117,-450.889,-439.227,-263.301,-6.617,-86.797,-72.064,-300.966,-428.583,-223.988,-550.015,-445.087,-473.132,-570.930
-191.540,-121.509,105.077,39.506,75.541,240.227,299.131,511.134,688.423,605.821,632.563,492.691,331.523,543.679,675.711,318.846,77.333,52.545,-118.599,-247.664,-149.668,2.868,-238.124,-201.014,-205.399,-153.775,-483.859,-553.762,-392.940,-547.367,-430.796,-93.804,-222.143,-241.467,-109.956,3.036,18.485,-100.811,-53.906,-92.952,-108.845,-257.445,-2.955,-17.456,-118.652,64.791,-19.560,184.344,214.585,286.640,83.563,82.579,139.491,106.547,39.731,320.654,384.323,426.995,268.035,383.494,323.836,240.126,213.338,327.517,369.970,372.093,236.863,221.529,44.851,46.527,33.322,-24.507,-154.197,-132.015,-170.505,-195.516,-290.398,-350.617,-271.013,-157.007,-180.972,-147.329,-392.268,-576.957,-341.147,-667.789,-490.457,-594.391,-816.406
-159.435,-22.278,60.427,1.872,11.597,283.941,224.194,408.735,466.384,463.468,526.730,419.803,280.883,496.146,610.417,395.837,240.734,296.762,54.297,-76.794,-36.117,18.616,-128.970,-137.177,-244.444,-165.226,-249.378,-284.443,-110.003,-350.938,-175.614,119.684,-18.967,-29.444,121.783,118.350,114.693,16.558,34.455,41.897,219.435,127.087,336.809,299.876,167.827,247.084,90.400,231.930,263.646,241.887,51.166,93.729,97.781,146.470,59.422,358.867,353.692,368.747,303.608,440.106,365.473,292.666,312.982,426.966,532.896,615.778,450.740,438.710,355.545,400.483,290.978,199.150,81.135,98.584,37.624,63.491,76.659,-84.232,-121.154,-166.009,-114.254,-115.741,-360.618,-584.365,-401.296,-668.437,-480.853,-630.498,-896.263
6.151,149.162,115.240,83.772,79.596,388.538,267.320,400.015,344.813,461.623,553.812,465.313,348.147,529.936,582.937,483.777,450.743,582.357,266.753,146.148,121.068,75.810,11.069,-44.130,-245.239,-222.090,-84.432,-94.625,17.701,-276.003,-91.737,135.302,30.674,83.113,204.427,117.652,85.053,39.252,26.432,48.474,338.839,283.658,421.864,339.323,230.522,232.386,77.472,151.848,209.441,90.138,-24.992,53.602,12.907,98.953,56.770,322.054,201.753,175.737,214.494,379.191,337.856,331.578,427.094,507.707,673.364,808.278,641.818,627.203,661.750,714.893,556.622,443.921,408.952,410.395,304.431,353.673,498.182,268.923,168.252,8.272,118.646,43.579,-194.083,-419.055,-393.332,-546.462,-406.070,-566.460,-768.072
262.122,332.666,252.767,248.477,235.783,498.566,391.343,451.099,337.021,551.433,663.866,565.035,452.038,575.852,555.925,480.559,546.534,687.758,334.791,251.760,194.803,108.884,74.010,2.725,-244.902,-330.065,-79.457,-68.526,-60.903,-363.680,-203.726,-24.618,-40.319,90.428,144.554,61.174,0.380,26.112,-8.291,-22.287,250.638,207.653,273.667,119.774,90.703,83.727,6.264,21.293,128.849,-53.827,-88.876,-12.332,-63.479,10.713,48.248,211.283,-11.902,-72.344,30.475,232.239,237.701,320.863,499.538,554.143,734.621,848.009,705.684,679.107,814.011,833.781,678.555,575.344,664.372,639.778,498.896,548.480,782.248,554.539,472.690,276.153,404.307,250.318,22.737,-152.471,-351.301,-362.838,-296.415,-430.750,-491.526
529.217,469.609,412.291,415.914,390.708,551.810,513.852,490.664,393.402,631.310,757.566,622.684,492.395,554.809,484.771,331.972,436.353,499.836,175.562,166.738,132.184,92.797,27.457,-20.885,-245.351,-431.111,-203.506,-173.204,-261.309,-532.192,-405.165,-229.737,-130.486,46.301,31.754,40.845,-24.967,67.121,15.176,-82.012,50.967,-0.134,14.326,-224.242,-141.468,-84.194,-46.115,-81.422,83.069,-95.197,-99.125,-70.050,-87.362,-53.582,52.390,52.627,-207.176,-266.923,-150.683,97.167,123.625,278.708,513.694,576.584,701.976,717.661,613.398,564.217,735.798,699.704,588.136,529.278,714.967,663.439,521.681,556.757,792.410,626.207,616.041,460.132,568.475,363.080,152.271,79.272,-323.107,-203.960,-199.674,-271.951,-186.959
716.398,518.435,510.438,493.017,449.680,506.308,553.128,455.189,438.157,612.339,747.197,569.764,412.886,434.092,358.231,80.199,164.713,93.550,-129.690,-35.706,-5.501,65.527,-60.217,-65.063,-208.602,-433.208,-329.364,-285.551,-416.180,-625.649,-525.204,-321.912,-139.007,17.870,-28.627,112.256,83.006,213.621,131.934,-68.857,-137.040,-205.812,-215.537,-524.653,-344.421,-187.632,-49.883,-130.140,72.646,-22.972,-61.983,-104.794,-54.059,-58.643,68.973,-121.137,-329.710,-333.852,-230.171,68.188,72.054,254.179,487.827,589.068,597.336,484.219,411.887,336.084,452.547,372.846,329.846,338.299,527.465,462.570,356.571,365.613,518.809,425.707,473.391,404.960,480.676,269.269,91.261,158.055,-328.233,-124.010,-144.733,-125.523,38.257
754.872,463.482,481.137,418.724,362.217,363.787,476.436,332.512,420.236,475.025,609.041,408.374,238.013,253.859,214.008,-150.995,-109.637,-307.719,-381.979,-185.448,-83.531,98.060,-70.598,-43.904,-96.122,-280.083,-329.552,-285.061,-388.086,-521.986,-444.633,-223.197,-40.020,29.221,5.262,246.140,292.515,427.427,291.108,7.188,-236.954,-320.615,-334.599,-667.955,-451.978,-221.443,-40.063,-159.212,43.799,86.053,-28.097,-128.800,-0.359,-19.133,76.398,-283.222,-373.545,-272.711,-174.274,167.017,120.113,282.336,449.953,585.922,455.965,251.897,182.872,90.555,69.666,-10.480,28.067,104.121,183.073,129.424,77.291,45.771,83.570,24.263,58.825,84.732,140.130,-33.530,-154.890,57.874,-336.734,-110.688,-119.262,4.701,146.601
627.399,317.027,313.178,200.205,152.571,175.477,320.682,174.216,344.716,281.408,395.897,210.618,60.928,105.300,116.942,-229.095,-213.089,-468.488,-392.814,-132.764,11.287,233.654,73.228,92.283,80.287,-11.215,-175.474,-147.599,-167.718,-228.158,-185.219,-0.297,88.468,35.216,75.180,334.796,467.068,586.521,375.598,67.824,-254.792,-340.421,-351.483,-642.217,-473.086,-244.783,-81.646,-224.635,-61.729,123.299,-55.198,-165.107,23.373,18.109,49.248,-414.106,-369.776,-150.044,-37.135,321.037,234.019,350.477,412.117,536.979,303.121,98.921,-9.755,-94.194,-284.097,-312.447,-187.338,-65.150,-167.497,-186.778,-194.711,-283.657,-323.530,-403.960,-460.737,-363.583,-312.208,-419.959,-461.911,-137.486,-287.234,-98.181,-78.856,137.146,175.765
378.505,115.683,62.847,-81.939,-88.191,23.192,171.460,66.101,263.973,134.430,202.971,74.494,-12.382,72.468,113.560,-99.308,-71.520,-289.952,-113.100,143.499,284.486,441.144,338.465,304.184,240.546,237.147,31.989,27.882,111.007,106.319,91.445,164.229,107.029,-51.309,58.270,256.349,441.921,551.742,271.464,18.465,-258.316,-328.559,-337.407,-522.986,-461.758,-321.236,-209.770,-349.021,-251.737,24.894,-163.004,-222.147,-9.673,13.853,-18.009,-496.469,-354.064,-53.933,74.098,404.152,324.903,399.973,361.942,407.577,145.794,37.354,-149.966,-197.509,-514.554,-457.688,-251.401,-114.472,-383.677,-361.914,-356.415,-511.607,-542.888,-666.229,-842.119,-706.428,-665.309,-698.649,-651.839,-285.132,-133.660,-18.634,17.673,283.250,193.996
99.168,-87.938,-168.241,-306.468,-246.811,-18.326,112.065,73.339,235.262,110.097,108.989,63.020,69.849,173.914,194.033,171.231,233.976,122.108,320.913,508.581,614.912,618.627,587.270,472.113,273.436,302.060,125.913,83.271,254.343,275.035,182.292,85.590,-90.856,-291.398,-143.291,-38.439,135.298,259.234,-51.783,-182.692,-316.716,-358.483,-364.706,-413.367,-465.032,-458.870,-389.359,-491.885,-464.500,-182.542,-312.376,-280.201,-82.920,-32.354,-100.192,-513.553,-338.255,-40.180,69.251,316.126,303.321,363.594,275.802,190.560,-17.472,18.785,-260.645,-252.903,-591.648,-453.575,-190.216,-64.111,-404.612,-359.025,-374.304,-582.627,-521.598,-648.993,-893.799,-743.790,-751.765,-718.333,-596.127,-270.449,111.422,143.497,171.725,422.075,240.609
