-286.317,-199.417,-445.971,-359.091,-457.442,-524.212,-649.324,-582.618,-757.335,-457.108,-362.744,-353.482,-409.190,-291.467,-309.703,-336.853,-438.914,-202.264,26.877,290.325,149.175,221.328,189.434,386.900,538.707,545.102,444.797,489.316,518.545,474.849,628.831,624.167,705.002,578.905,846.383,809.162,981.282,708.889,615.830,603.549,749.842,745.877,729.367,384.976,468.276,457.137,526.112,283.664,317.240,265.979,139.318,84.781,57.042,60.048,-19.934,2.564,-111.571,139.704,320.424,18.935,-30.294,-68.456,251.575,153.027,291.593,372.086,451.477,438.529,424.746,404.839,473.812,441.160,452.941,307.244,125.332,206.294,74.724,-121.014,40.112,134.880,121.869,-108.321,-316.274,-182.297,-139.772,-350.871,-287.162,-219.258,-110.740
-165.770,11.934,-295.344,-192.201,-277.235,-251.995,-255.493,-351.428,-508.940,-199.499,-40.415,88.412,-1.600,23.484,35.118,118.476,135.997,381.547,439.424,580.930,274.867,333.167,351.069,629.405,638.837,533.976,369.066,498.253,603.632,582.799,631.874,662.491,805.456,729.865,825.672,687.681,743.676,447.286,529.655,575.680,672.580,654.011,601.465,363.212,548.423,562.095,599.497,280.545,324.141,195.519,56.995,-54.426,-163.333,-119.732,-164.888,-26.228,-101.641,238.380,383.150,153.339,156.197,115.403,339.378,91.151,233.795,328.603,330.512,297.800,284.738,327.647,381.608,396.702,406.607,365.461,238.120,306.126,64.303,-272.777,-195.555,-91.754,-147.746,-339.323,-516.319,-272.399,-262.122,-460.204,-321.933,-160.661,-90.329
-160.235,28.966,-238.607,-111.133,-136.514,-67.814,52.870,-180.357,-284.084,-39.189,83.503,314.287,180.443,101.418,167.197,309.647,464.688,699.391,582.801,607.132,264.668,266.555,376.866,641.509,539.806,355.217,157.198,373.926,527.897,526.380,474.100,566.158,765.923,755.668,690.570,523.361,452.041,237.390,475.623,578.117,612.829,526.048,434.415,365.665,637.155,738.079,692.485,428.403,460.347,307.588,147.618,20.084,-167.518,-95.171,-68.119,119.027,114.744,468.229,543.794,456.370,459.557,460.613,531.955,153.874,245.566,365.205,274.574,216.634,224.037,317.633,353.703,362.574,355.952,363.328,298.627,287.925,-2.806,-396.870,-395.545,-307.101,-332.407,-466.316,-536.221,-278.752,-300.025,-412.355,-244.307,-36.767,-29.625
-287.297,-180.459,-322.801,-171.459,-110.237,-48.387,152.098,-150.380,-185.517,-22.796,-22.229,259.956,89.980,-82.563,70.408,193.304,447.250,664.600,427.341,413.324,184.006,124.943,327.484,471.208,317.592,107.659,-64.847,210.219,353.212,341.182,214.207,372.863,585.716,596.368,445.126,334.261,191.471,127.107,422.530,539.874,513.970,339.740,227.985,336.180,647.644,857.676,701.829,583.246,590.565,510.939,329.441,231.257,19.166,86.818,181.635,308.208,361.751,644.817,658.963,727.259,665.380,748.084,671.301,239.463,260.439,401.201,262.652,181.885,208.956,341.239,348.497,306.146,271.283,276.551,264.538,161.876,-75.528,-414.742,-455.297,-378.310,-312.114,-402.320,-328.677,-158.158,-210.956,-189.583,-49.723,132.185,69.722
-475.679,-514.635,-500.560,-336.275,-198.202,-165.657,48.036,-236.575,-213.590,-96.477,-245.867,17.868,-160.862,-403.952,-146.551,-104.073,181.948,381.700,117.945,162.270,141.089,47.526,296.221,258.558,105.892,-79.040,-162.900,123.885,189.316,124.730,-43.885,155.539,311.643,275.655,136.379,135.136,8.679,81.415,305.949,382.865,312.202,86.099,-12.854,217.449,512.049,794.200,533.676,573.785,559.160,641.718,458.160,421.555,268.648,291.755,405.061,382.206,443.424,600.563,583.857,760.506,596.353,762.801,595.963,216.238,188.359,334.663,227.074,134.339,171.420,330.729,302.416,196.084,132.103,119.076,141.647,-5.596,-93.321,-287.925,-337.672,-242.511,-76.447,-154.238,52.614,88.365,-0.283,152.996,219.303,306.805,188.338
-605.960,-793.035,-662.061,-504.479,-334.419,-316.131,-143.275,-330.669,-275.378,-150.402,-407.363,-226.899,-376.281,-663.976,-324.704,-373.542,-110.508,67.168,-125.274,29.911,208.025,113.359,340.559,144.554,15.226,-117.850,-76.463,174.748,121.150,-23.065,-207.089,-16.230,20.845,-101.596,-155.297,-54.536,-98.329,18.827,81.108,83.907,-2.402,-203.888,-259.303,-3.269,231.390,504.643,176.047,319.216,299.124,569.611,422.080,452.765,430.786,384.631,444.855,256.952,272.018,298.386,272.279,475.084,224.600,427.193,248.897,14.808,-17.024,115.377,105.781,17.780,59.820,230.629,174.839,28.362,-50.748,-59.013,-15.077,-128.520,-26.290,-50.877,-102.230,48.561,259.248,171.634,466.835,399.045,269.059,500.190,477.248,436.851,291.831
-577.530,-852.768,-697.625,-571.907,-430.353,-388.279,-272.791,-313.697,-249.873,-92.117,-365.721,-303.628,-391.507,-698.232,-345.224,-444.665,-222.978,-81.717,-143.507,101.173,370.514,290.459,444.659,189.736,73.009,-8.451,145.266,325.623,158.125,-56.019,-239.488,-108.880,-209.729,-397.177,-348.896,-207.702,-162.899,-124.204,-234.331,-296.921,-360.432,-461.931,-460.264,-277.352,-114.511,64.912,-274.311,-109.090,-113.399,283.099,215.037,290.006,419.936,311.139,262.696,-20.652,-72.087,-131.984,-175.291,-23.748,-297.944,-137.518,-267.573,-312.668,-310.051,-206.312,-102.638,-167.817,-117.848,41.315,-18.896,-160.287,-228.894,-191.682,-127.859,-145.853,105.005,199.239,124.419,352.145,514.873,421.385,746.900,664.396,494.608,719.170,621.264,473.767,339.228
-362.229,-631.617,-553.275,-486.865,-423.869,-324.929,-244.395,-133.125,-68.075,96.326,-96.385,-144.893,-160.934,-459.508,-185.409,-270.539,-76.935,7.576,70.199,327.900,537.554,460.818,534.295,349.180,217.950,170.528,373.613,467.057,236.372,-1.608,-173.379,-133.879,-332.473,-507.344,-401.897,-297.021,-218.966,-343.410,-556.740,-641.320,-642.919,-615.640,-565.871,-517.791,-404.843,-364.872,-651.893,-522.551,-495.999,-99.770,-59.389,18.735,256.030,123.842,-39.651,-300.943,-388.493,-463.024,-553.128,-493.250,-714.782,-664.998,-730.001,-608.806,-561.252,-491.923,-321.704,-349.826,-289.304,-170.973,-209.736,-304.596,-335.454,-227.957,-137.756,-51.159,241.084,352.026,220.863,513.823,548.789,474.490,777.180,769.973,576.858,716.360,573.614,387.668,297.825
-16.366,-194.609,-251.605,-270.617,-307.436,-146.850,-61.397,161.370,239.387,348.384,300.527,186.746,224.483,-35.685,82.932,63.176,244.958,257.643,375.936,567.735,601.308,501.193,529.742,511.645,346.004,311.053,475.999,488.934,269.024,64.274,-82.054,-130.607,-343.517,-413.606,-332.785,-309.134,-277.494,-563.652,-776.607,-836.652,-749.170,-631.352,-557.813,-646.808,-541.402,-624.876,-809.013,-726.318,-667.403,-401.726,-254.781,-214.035,39.108,-60.102,-287.846,-426.954,-484.238,-506.046,-664.559,-689.620,-806.960,-887.907,-910.662,-699.809,-625.799,-588.964,-435.360,-421.204,-358.739,-308.252,-313.902,-345.861,-322.245,-159.247,-39.039,106.100,317.907,343.743,141.943,455.518,340.771,307.951,547.799,651.391,468.131,483.729,323.874,185.054,161.109
350.919,304.523,125.931,2.032,-124.971,68.964,186.642,442.906,553.496,551.124,657.934,540.280,591.753,399.059,340.913,398.050,558.033,500.421,576.879,672.987,504.918,363.906,398.600,571.045,373.938,333.756,389.348,350.881,208.171,68.769,-34.314,-136.767,-277.589,-189.525,-212.467,-256.718,-324.266,-684.766,-819.114,-839.357,-659.763,-537.874,-464.935,-637.830,-500.016,-640.158,-698.687,-637.318,-559.249,-493.646,-276.896,-295.777,-122.003,-139.857,-347.982,-337.170,-300.616,-232.870,-443.994,-513.390,-521.197,-691.451,-708.568,-506.201,-435.428,-426.126,-362.042,-313.092,-269.563,-300.416,-285.623,-270.231,-193.644,-27.805,114.135,246.417,302.350,191.555,-55.335,219.150,3.709,6.939,157.341,333.512,202.334,110.301,-52.329,-81.941,-38.969
630.834,700.331,478.277,243.967,55.062,236.387,381.411,576.869,729.026,605.912,827.484,756.311,775.849,668.880,483.057,588.955,684.436,578.456,535.048,572.409,273.808,104.806,174.241,483.200,280.012,220.755,148.014,105.730,75.955,-13.788,-59.495,-166.402,-188.632,38.559,-128.288,-179.176,-338.184,-647.083,-688.748,-698.676,-453.719,-413.874,-351.521,-526.382,-339.485,-456.455,-403.835,-335.708,-262.039,-372.087,-145.778,-220.355,-179.168,-97.284,-212.942,-109.630,42.113,194.839,-10.557,-75.606,-7.983,-185.603,-217.084,-106.330,-56.398,-70.343,-117.329,-53.921,-48.733,-152.856,-149.822,-124.833,-13.979,90.786,234.496,299.007,207.843,-18.550,-247.475,-60.307,-283.426,-283.507,-236.610,-70.174,-113.588,-251.411,-414.698,-325.186,-235.678
759.381,887.968,722.123,392.814,172.506,302.558,440.404,494.362,672.080,477.630,746.455,741.401,696.019,673.628,459.648,568.456,547.526,428.755,244.697,300.052,-6.470,-156.651,-68.176,277.062,101.223,9.705,-146.374,-137.460,-55.248,-151.289,-141.801,-208.484,-127.077,154.289,-140.497,-128.764,-315.335,-474.606,-470.513,-526.107,-267.077,-344.908,-283.632,-384.985,-163.738,-208.036,-93.724,-17.353,24.988,-159.140,15.417,-90.126,-168.588,-6.208,-6.455,82.937,313.369,511.959,386.401,359.092,456.072,350.003,315.937,292.282,328.796,295.279,179.453,229.124,198.813,50.302,8.000,2.409,120.578,124.354,248.180,234.073,82.407,-182.749,-320.192,-235.800,-380.529,-437.041,-492.285,-403.182,-346.899,-452.582,-617.101,-452.272,-351.538
733.014,856.506,812.404,426.857,198.188,264.686,353.400,229.337,391.044,209.295,456.594,502.795,384.087,425.732,287.326,363.174,203.761,107.686,-173.214,-37.047,-245.873,-314.344,-256.984,23.120,-102.564,-238.755,-389.232,-284.265,-118.046,-280.039,-241.875,-243.600,-123.300,104.485,-254.794,-147.259,-280.119,-267.285,-285.853,-429.328,-216.535,-375.625,-293.594,-279.408,-60.867,-38.458,68.517,123.683,111.285,-25.155,59.000,-46.789,-175.811,20.669,98.738,81.670,314.589,504.781,505.487,523.334,620.259,620.417,617.780,464.119,513.864,467.247,365.957,375.357,346.519,192.601,90.686,30.941,132.449,41.519,134.803,73.659,-21.756,-238.393,-237.964,-234.250,-265.573,-409.725,-545.232,-537.623,-403.568,-418.191,-578.485,-409.894,-334.968
594.926,674.422,745.158,359.568,139.570,159.467,176.903,-98.646,-4.642,-100.133,74.795,134.520,-40.455,36.149,33.084,66.259,-196.482,-247.430,-543.175,-323.398,-398.529,-335.948,-357.800,-211.682,-287.245,-474.086,-528.877,-311.869,-100.851,-347.503,-326.342,-263.520,-181.024,-82.230,-424.137,-244.151,-273.439,-145.315,-228.013,-450.576,-333.540,-486.018,-364.240,-233.631,-55.547,-21.286,14.533,10.822,-70.694,-82.332,-89.877,-174.708,-267.518,-87.702,-2.797,-152.506,8.108,143.141,257.323,304.907,400.441,481.400,538.902,297.540,385.929,338.916,332.280,286.882,320.876,194.222,47.618,-64.039,6.416,-131.158,-62.287,-122.484,-77.704,-195.964,-65.205,-96.405,-41.183,-254.302,-427.203,-436.437,-276.440,-184.409,-328.383,-216.728,-190.871
406.858,443.866,550.988,224.479,32.042,38.560,-2.499,-343.963,-355.123,-339.330,-261.906,-230.433,-428.175,-338.513,-214.362,-210.016,-489.607,-491.310,-726.280,-489.010,-472.958,-268.381,-375.654,-390.604,-438.974,-668.946,-580.968,-275.504,-57.767,-342.844,-383.851,-277.331,-279.101,-316.200,-575.618,-387.633,-323.859,-178.350,-313.275,-545.885,-547.803,-605.536,-441.885,-223.172,-101.748,-125.460,-194.913,-271.203,-423.241,-314.484,-378.277,-438.322,-436.472,-305.414,-272.938,-502.632,-448.339,-390.855,-232.161,-182.194,-72.258,20.977,135.111,-131.398,-1.785,-30.660,92.605,-4.351,147.705,60.317,-94.587,-233.706,-200.492,-322.922,-261.663,-287.275,-94.832,-126.013,73.476,52.185,133.039,-80.662,-237.369,-172.957,-49.682,118.525,1.936,36.513,14.827
224.265,251.987,286.477,62.645,-76.937,-53.286,-111.027,-403.752,-522.871,-427.978,-448.852,-475.806,-659.918,-562.126,-374.002,-376.406,-575.131,-537.563,-679.735,-525.032,-502.781,-190.237,-331.209,-503.428,-559.767,-810.550,-598.510,-262.686,-69.585,-297.039,-419.164,-299.141,-378.563,-492.038,-645.158,-514.231,-420.614,-342.449,-474.866,-616.050,-729.135,-655.522,-468.899,-197.510,-117.522,-242.001,-408.425,-529.677,-738.804,-585.363,-648.665,-694.653,-597.000,-516.441,-544.553,-755.201,-785.934,-798.334,-682.144,-658.008,-523.405,-491.421,-363.819,-591.159,-449.048,-441.241,-214.854,-345.155,-61.168,-122.881,-249.185,-381.777,-390.508,-456.530,-389.756,-376.727,-106.336,-110.609,69.605,80.284,138.982,10.813,-85.553,104.761,145.328,332.133,244.047,227.182,184.657
84.323,142.093,24.185,-83.411,-144.369,-88.781,-114.743,-261.337,-451.568,-343.356,-444.741,-542.407,-685.261,-571.181,-396.927,-390.433,-451.737,-389.448,-459.927,-463.017,-505.677,-149.942,-235.864,-546.055,-642.735,-885.493,-623.483,-328.385,-182.171,-255.917,-434.685,-327.638,-433.439,-534.604,-601.601,-554.364,-508.498,-531.448,-601.600,-569.003,-761.748,-593.692,-415.100,-114.828,-38.702,-252.904,-471.750,-580.590,-820.084,-719.761,-728.247,-775.642,-635.489,-581.477,-621.173,-723.456,-780.012,-830.617,-812.023,-835.681,-687.761,-759.200,-681.942,-819.409,-713.983,-660.106,-404.863,-546.081,-175.411,-242.964,-324.117,-420.834,-479.886,-488.396,-418.921,-385.167,-142.240,-189.577,-101.861,-67.687,-31.132,-16.953,-38.924,248.420,200.409,351.651,281.757,264.691,241.108
4.877,111.672,-162.738,-173.900,-145.101,-59.010,-22.604,14.263,-184.902,-123.787,-276.102,-441.051,-529.380,-393.474,-282.387,-261.545,-203.000,-127.342,-178.941,-342.111,-464.887,-135.711,-88.645,-508.142,-662.325,-876.005,-655.432,-455.604,-365.106,-246.891,-418.088,-335.644,-405.224,-426.025,-451.515,-463.418,-512.279,-616.886,-598.394,-375.518,-607.003,-434.504,-289.454,32.981,141.311,-100.575,-314.018,-357.781,-593.845,-607.968,-531.844,-591.454,-484.779,-424.661,-402.090,-362.704,-384.600,-431.872,-504.531,-588.133,-456.633,-627.162,-648.965,-670.768,-646.918,-554.400,-355.585,-494.154,-127.431,-232.834,-279.836,-324.789,-443.601,-427.569,-374.506,-338.677,-205.248,-333.656,-363.419,-335.569,-275.149,-125.586,-97.480,184.907,89.257,180.841,116.705,144.161,172.196
-13.306,129.401,-222.580,-180.254,-79.740,28.601,128.012,307.634,159.779,148.576,-20.357,-238.264,-272.139,-127.422,-80.396,-42.874,51.931,133.937,53.836,-189.647,-347.822,-97.164,103.034,-382.912,-590.828,-773.173,-656.980,-566.972,-520.847,-262.238,-348.664,-281.677,-279.098,-206.414,-228.646,-244.568,-379.571,-521.614,-435.028,-86.029,-319.480,-235.477,-127.556,218.288,368.109,180.989,15.443,49.578,-152.361,-271.365,-116.953,-191.937,-175.280,-86.838,44.646,191.440,233.799,224.976,117.946,-25.629,62.045,-167.585,-290.645,-202.235,-275.584,-169.842,-85.170,-223.965,43.731,-112.752,-152.827,-144.305,-322.637,-322.501,-307.727,-272.161,-264.235,-459.412,-573.975,-584.078,-446.250,-232.549,-205.293,-46.685,-118.259,-70.689,-128.892,-43.759,42.766
14.063,157.010,-146.977,-97.833,25.156,151.256,290.387,511.910,446.697,378.052,224.110,-23.620,-11.292,108.391,124.840,186.822,214.828,295.530,174.130,-23.478,-145.764,1.486,299.500,-190.436,-428.867,-595.515,-588.463,-577.590,-541.094,-268.420,-218.585,-139.163,-75.899,46.830,21.013,47.678,-117.650,-264.151,-158.190,198.881,-10.590,-60.855,33.723,396.210,558.654,487.605,377.542,450.317,299.711,148.418,342.137,252.327,170.779,288.513,508.884,686.978,783.695,829.771,750.953,561.243,603.024,364.177,191.463,354.510,209.009,292.060,254.805,99.455,215.184,24.842,-29.276,25.553,-190.254,-224.662,-253.625,-204.362,-269.390,-475.708,-602.356,-665.626,-439.786,-262.347,-285.575,-315.953,-294.506,-247.296,-277.749,-158.293,-39.136
55.562,164.925,19.846,44.866,126.177,272.529,422.200,571.737,578.232,489.084,372.403,127.892,175.776,232.938,250.114,349.289,246.809,312.302,175.420,135.551,99.396,140.740,428.866,10.094,-223.092,-393.734,-443.716,-452.020,-375.119,-232.287,-51.306,76.048,148.470,249.688,249.855,326.199,199.326,51.495,136.220,384.070,215.095,53.224,175.924,529.201,647.982,702.845,620.359,660.334,559.701,468.302,646.565,540.206,401.088,530.244,752.440,887.599,1006.662,1101.563,1070.020,861.102,887.641,676.683,536.481,719.638,559.185,587.123,468.399,278.952,257.712,78.605,14.350,105.834,-100.123,-152.880,-203.481,-126.160,-180.476,-334.022,-393.997,-501.983,-248.473,-185.752,-278.502,-468.865,-323.947,-232.226,-197.292,-88.155,15.236
70.576,138.086,194.195,190.122,179.849,349.402,491.633,496.117,527.854,452.554,382.960,184.187,258.277,240.286,254.227,396.062,175.756,205.837,96.684,259.325,306.999,252.098,421.198,138.450,-51.193,-231.152,-260.023,-227.255,-65.941,-144.483,100.931,301.311,320.936,340.428,413.938,505.099,460.241,293.412,351.848,427.373,311.718,111.086,300.408,602.234,622.164,757.893,657.539,601.707,535.242,562.937,678.280,549.800,415.917,532.620,645.098,699.370,815.117,935.880,907.267,713.309,771.899,606.076,568.838,718.914,608.670,567.200,434.712,206.526,120.907,8.776,-34.858,84.117,-50.975,-82.111,-111.752,-9.607,7.550,-54.631,3.697,-122.928,43.761,-26.915,-164.320,-406.527,-165.554,-11.080,121.984,178.776,219.434
24.004,74.418,286.547,271.086,160.932,345.932,479.361,339.896,338.104,294.898,272.287,163.759,256.690,196.796,162.510,329.616,74.107,49.992,-1.162,324.384,404.392,269.359,258.644,137.735,21.542,-148.564,-95.725,11.586,269.337,-24.574,183.722,453.634,381.778,298.278,477.757,533.942,569.773,372.165,433.865,352.588,303.707,142.584,413.069,621.831,519.942,661.163,505.907,336.245,285.954,427.175,458.761,304.446,223.620,312.884,242.736,221.618,332.911,452.162,343.541,195.279,318.808,203.537,289.951,377.651,362.828,264.070,184.911,-66.770,-127.591,-131.517,-113.666,22.236,8.704,35.504,65.869,167.585,255.777,283.771,466.639,351.215,319.074,159.497,34.214,-134.190,126.414,321.041,555.167,538.198,496.906
-96.072,-19.678,240.831,240.455,73.397,248.567,380.528,167.928,89.664,84.802,106.077,118.925,223.735,196.973,55.827,202.942,19.178,-64.963,-59.214,330.473,376.496,186.589,5.004,16.673,-13.979,-137.366,6.658,183.276,502.734,92.908,175.207,473.550,313.351,147.274,422.600,416.589,495.198,283.193,383.668,224.292,255.391,173.954,506.140,603.664,405.367,485.307,266.234,19.929,-20.686,168.955,129.579,-42.723,-63.376,0.639,-238.941,-305.310,-180.109,-80.460,-335.124,-421.371,-240.601,-299.722,-130.836,-96.998,-9.696,-129.957,-111.692,-356.524,-335.052,-225.760,-120.593,15.651,139.219,230.977,329.030,397.645,494.792,582.555,852.128,768.772,493.867,321.500,265.048,243.586,433.292,612.050,906.836,818.939,718.776
-268.445,-133.645,59.345,93.132,-52.162,74.567,207.517,22.570,-139.768,-98.686,-33.203,101.973,209.912,300.007,23.641,92.247,53.611,-75.957,-40.592,306.904,280.218,75.593,-214.102,-143.854,-99.593,-143.187,43.602,253.077,562.162,178.520,103.589,359.234,150.015,-55.478,256.507,205.739,280.834,98.817,243.868,104.209,222.556,205.730,552.740,559.770,330.357,323.470,63.712,-188.638,-208.463,-58.587,-131.037,-295.843,-289.704,-234.063,-540.797,-625.261,-472.038,-392.375,-791.308,-818.455,-631.684,-625.106,-455.346,-432.775,-276.569,-372.670,-246.182,-452.320,-350.752,-166.588,19.181,130.058,359.817,487.148,615.636,635.433,654.407,767.536,1058.092,1013.466,555.487,431.485,466.153,576.767,635.269,734.827,1015.177,874.680,774.488
-445.042,-255.519,-199.615,-129.472,-173.607,-132.238,-9.045,-89.022,-305.527,-202.619,-89.145,131.537,231.011,483.222,104.972,53.669,163.194,20.160,55.081,295.609,208.484,42.771,-277.898,-233.043,-144.838,-102.819,42.907,238.168,460.910,218.573,31.484,167.803,-39.073,-243.378,18.385,-23.703,22.201,-81.484,68.109,18.189,218.442,212.729,520.210,494.125,309.843,241.389,-15.462,-209.554,-186.860,-143.140,-205.715,-324.189,-340.156,-272.229,-500.519,-595.435,-428.095,-352.405,-813.787,-798.749,-676.128,-598.475,-505.980,-439.992,-272.849,-308.760,-94.905,-242.608,-115.306,74.774,303.268,356.010,625.091,738.270,827.282,815.914,695.737,817.114,1056.934,1046.004,550.104,486.873,583.691,742.781,670.597,652.496,837.727,666.484,634.534
-572.397,-372.636,-449.075,-355.733,-256.130,-316.657,-224.073,-183.502,-401.903,-222.385,-62.106,178.875,256.694,643.335,254.391,88.560,283.064,162.048,187.008,319.024,225.006,150.221,-146.531,-180.017,-88.879,7.359,32.276,176.982,274.879,210.767,13.956,-18.637,-186.493,-366.947,-230.380,-208.236,-184.432,-189.420,-103.645,-46.600,214.301,165.445,394.220,407.522,322.079,250.527,42.278,-68.620,11.287,-67.850,-94.109,-129.345,-197.801,-105.573,-137.649,-251.220,-115.650,-22.615,-421.449,-382.184,-373.877,-236.377,-253.349,-107.349,12.205,46.169,304.444,217.896,301.752,426.888,648.394,611.307,845.337,903.357,885.324,888.946,630.415,763.705,894.788,906.106,537.695,496.617,586.350,700.840,558.927,431.623,470.727,287.737,367.729
-616.897,-470.372,-609.810,-511.743,-283.797,-430.137,-387.321,-275.239,-445.205,-196.629,-8.027,184.624,229.598,651.086,360.124,141.308,331.648,254.014,284.961,356.386,314.770,356.579,103.844,-6.384,51.814,145.373,10.368,90.420,87.458,153.010,57.729,-140.822,-261.109,-411.667,-426.008,-318.466,-287.290,-218.678,-251.055,-115.859,170.517,57.639,197.015,305.608,330.310,312.921,186.606,137.268,264.127,92.977,101.110,164.728,54.245,167.358,362.696,223.642,272.095,393.164,159.865,217.050,110.913,276.182,181.418,403.802,439.366,520.726,771.602,738.144,738.922,758.561,936.306,790.331,939.332,933.534,783.345,851.531,517.463,672.669,664.428,682.659,549.220,468.869,475.331,502.367,379.588,198.716,92.678,-84.594,102.126
-578.868,-530.321,-637.141,-547.036,-257.990,-442.883,-455.979,-353.325,-448.073,-176.842,-2.317,98.954,106.580,432.078,310.579,135.657,257.758,219.650,279.503,350.130,388.104,525.502,316.489,177.787,186.062,222.826,-54.088,-32.055,-58.210,39.845,111.844,-192.355,-278.577,-397.647,-524.766,-359.628,-293.648,-211.653,-362.142,-194.300,74.482,-79.200,-14.097,202.509,309.659,370.353,341.914,306.860,439.942,228.764,245.472,389.816,285.819,403.227,755.160,599.895,533.274,669.730,628.933,713.031,545.003,696.228,602.936,856.924,806.627,889.454,1086.301,1098.817,1031.831,955.748,1080.433,829.197,885.774,843.160,600.481,756.530,438.229,612.104,468.174,472.500,574.591,410.420,288.008,256.802,222.016,67.793,-133.639,-285.427,-47.413
-487.124,-531.035,-528.166,-448.188,-186.635,-347.107,-407.009,-377.968,-403.519,-189.825,-87.909,-78.116,-102.263,26.323,72.101,29.735,76.676,51.718,140.958,243.971,340.875,506.076,345.462,239.281,205.185,162.802,-190.620,-209.026,-168.156,-126.172,100.782,-211.580,-280.223,-360.583,-515.644,-352.388,-248.380,-215.029,-418.556,-249.176,-41.762,-185.384,-169.607,116.855,261.928,379.017,449.197,389.284,471.119,261.847,256.058,432.145,395.076,496.427,866.920,720.170,565.092,678.853,771.933,898.415,746.921,854.195,847.723,1069.311,963.906,999.019,1113.265,1173.038,1101.014,985.929,1071.668,745.092,739.427,703.584,462.441,688.779,459.726,627.165,384.801,347.216,584.700,335.764,91.149,74.647,139.670,81.683,-143.672,-248.925,-41.605
-378.289,-454.574,-312.980,-239.017,-75.115,-155.270,-246.007,-301.510,-290.368,-217.598,-239.734,-283.173,-323.880,-413.957,-272.444,-145.937,-127.170,-172.174,-93.732,29.625,133.150,237.990,149.347,111.086,60.923,-38.540,-384.963,-425.366,-266.385,-316.075,-18.722,-241.496,-294.269,-324.970,-417.198,-309.141,-194.411,-237.326,-392.793,-224.767,-116.684,-202.291,-220.005,63.113,210.380,330.792,487.880,396.559,381.286,189.862,147.459,294.073,362.592,434.723,683.772,569.544,404.368,443.238,566.572,741.065,669.954,733.054,860.516,999.513,887.764,845.435,875.497,988.736,986.890,909.421,975.551,624.504,600.268,601.811,469.879,718.775,602.384,726.578,447.454,337.000,565.646,273.604,-38.908,18.368,133.085,199.078,7.423,-37.515,67.969
-275.261,-298.893,-41.513,27.517,71.878,100.814,-10.246,-103.966,-97.319,-209.872,-371.332,-415.897,-453.829,-695.039,-555.498,-296.334,-237.973,-323.141,-326.821,-231.475,-168.045,-188.974,-173.201,-152.396,-188.281,-289.582,-561.246,-609.289,-352.383,-467.921,-215.774,-287.416,-307.396,-287.125,-263.211,-224.161,-143.833,-239.537,-263.276,-80.583,-97.733,-104.968,-159.324,44.327,179.808,251.764,470.407,374.173,255.534,79.265,15.206,84.649,254.446,298.006,344.942,267.397,186.587,105.276,175.249,380.571,408.978,457.325,703.840,749.268,676.804,560.966,533.694,699.156,813.610,831.672,884.469,567.700,554.155,589.073,636.345,859.167,827.167,882.373,634.662,430.088,536.172,259.634,-45.332,83.661,167.023,330.505,192.149,202.848,178.498
-179.279,-90.303,225.115,280.605,238.041,368.838,236.145,178.173,150.793,-123.211,-384.391,-394.410,-415.385,-685.716,-615.723,-316.466,-170.863,-290.864,-443.046,-431.821,-415.977,-567.996,-433.970,-395.491,-398.892,-442.011,-610.149,-655.631,-384.601,-506.914,-391.277,-305.644,-270.098,-221.266,-88.964,-86.428,-79.817,-166.976,-38.867,170.512,21.684,80.439,-27.241,50.660,175.977,181.541,419.756,356.266,177.896,17.736,-30.720,-52.812,174.658,203.384,54.832,-7.998,55.656,-162.517,-161.005,35.299,134.921,207.055,504.246,487.513,477.661,324.036,286.259,483.980,706.758,828.677,856.712,624.631,621.935,651.332,874.960,1050.476,1049.211,1040.257,875.882,581.971,534.145,315.952,82.508,214.947,205.031,397.446,293.879,332.684,204.293
-79.988,113.930,419.713,445.550,384.235,578.723,416.458,450.818,385.060,38.352,-233.572,-207.967,-211.984,-395.116,-396.633,-161.213,74.592,-51.925,-371.316,-477.209,-469.891,-689.644,-466.140,-451.446,-425.472,-374.305,-453.425,-489.626,-307.243,-388.399,-434.785,-235.532,-136.748,-107.117,72.494,93.180,13.439,-1.272,225.014,450.067,190.707,284.300,110.484,63.698,177.973,146.358,348.171,337.992,176.905,56.018,59.165,-31.828,196.088,229.806,-35.024,-117.645,79.658,-251.262,-262.896,-122.905,-3.314,111.204,372.310,346.693,391.233,249.506,250.999,443.265,716.408,894.477,881.292,762.610,748.430,720.168,1044.736,1187.442,1173.351,1137.425,1073.075,730.202,582.909,430.468,299.353,341.125,235.646,377.132,273.883,299.388,130.283
25.417,240.795,479.302,462.930,452.846,657.326,464.333,596.396,514.166,210.548,34.274,66.612,61.678,24.324,8.719,115.046,402.813,305.521,-129.674,-345.749,-286.586,-471.113,-229.525,-250.237,-216.713,-71.643,-106.072,-131.806,-103.350,-138.859,-299.439,-55.203,85.096,39.084,185.228,262.071,116.998,204.751,434.401,639.666,323.327,422.536,191.693,63.068,148.477,141.105,250.897,282.039,211.189,173.588,235.843,121.498,310.444,365.775,92.388,-31.217,217.718,-164.768,-108.646,-57.287,42.857,180.476,342.884,351.949,416.144,324.694,398.522,546.640,791.302,944.580,889.399,885.550,837.161,716.895,1030.973,1174.052,1136.271,1124.205,1136.065,813.291,664.617,553.358,519.969,409.980,273.030,307.217,183.313,160.386,17.300
119.683,232.949,366.597,312.105,393.058,556.399,349.620,530.227,468.557,297.249,294.652,298.678,262.172,355.251,399.597,378.773,664.530,620.889,176.705,-106.838,42.613,-18.416,156.269,124.630,137.912,349.377,308.086,284.599,166.813,136.837,-45.097,179.919,313.500,154.952,207.783,334.625,168.984,338.349,491.453,634.582,342.324,432.752,182.187,32.025,56.033,130.099,116.480,151.544,200.507,287.022,373.922,280.697,426.622,509.870,316.488,164.423,349.888,-4.857,163.721,125.565,201.264,312.027,365.368,419.238,459.672,425.894,574.579,663.166,816.782,872.359,802.821,891.836,807.964,601.655,812.194,977.316,935.713,983.896,1021.164,791.347,723.307,618.041,655.987,404.733,334.124,251.195,117.328,37.412,-43.048
170.558,82.373,96.538,29.976,195.856,282.595,96.305,250.105,243.475,226.230,409.400,370.982,272.610,432.460,576.050,489.864,733.459,746.471,408.572,115.711,337.511,422.834,474.973,471.356,446.440,692.921,606.971,567.211,377.812,297.870,184.639,350.060,422.715,157.982,104.898,233.664,94.879,284.779,341.478,398.554,220.080,300.613,84.519,-38.753,-103.469,66.708,-56.007,-55.454,80.506,295.472,342.223,292.299,419.407,524.317,451.674,316.715,347.246,91.259,342.491,245.658,323.087,356.663,343.486,416.436,404.035,401.135,595.214,647.860,690.093,621.304,586.697,734.332,641.480,396.673,473.207,648.712,632.193,742.829,755.349,662.164,698.609,577.001,656.018,339.056,411.358,249.777,144.291,32.635,6.175
151.069,-154.420,-250.457,-289.804,-84.632,-90.199,-219.289,-151.048,-86.597,-2.058,303.581,241.494,67.120,230.471,450.792,383.325,574.723,630.629,468.459,215.582,432.538,603.943,538.006,581.994,521.240,788.272,645.247,566.854,404.229,243.954,244.790,337.128,315.947,-1.816,-126.225,-54.895,-138.510,0.701,7.725,-9.824,-6.294,65.333,-69.275,-147.906,-298.315,-77.800,-245.900,-294.031,-152.512,137.881,83.406,68.715,202.579,313.090,352.501,289.297,141.969,24.732,264.694,155.310,266.429,207.140,198.115,247.361,184.499,167.291,357.136,429.731,385.994,226.616,273.160,446.204,384.872,170.257,156.307,299.760,321.548,463.517,429.759,463.945,567.679,430.581,527.588,239.200,463.133,290.782,256.594,159.954,144.416
60.489,-374.506,-547.047,-527.292,-344.023,-441.645,-495.156,-522.363,-396.064,-306.107,8.370,-37.593,-275.361,-130.704,96.195,107.962,263.784,347.891,353.956,165.548,274.536,416.712,295.940,366.685,292.801,587.296,400.281,270.027,202.342,-16.993,83.036,106.819,-1.494,-293.724,-431.051,-449.061,-480.954,-442.329,-407.444,-455.166,-253.080,-196.867,-233.820,-280.222,-470.748,-291.281,-413.873,-490.681,-432.392,-168.583,-342.286,-352.014,-213.253,-117.155,-5.843,32.998,-237.065,-216.285,-92.638,-176.655,-23.460,-140.331,-82.120,-89.500,-167.387,-235.501,-100.201,50.574,-25.466,-199.642,-56.885,119.292,119.290,-5.984,-19.450,44.771,91.432,220.243,159.741,259.673,365.391,229.063,328.537,126.882,432.034,316.593,373.805,334.163,281.838
-70.441,-477.088,-671.718,-590.300,-476.247,-656.375,-647.328,-727.369,-568.524,-564.893,-357.327,-355.283,-617.992,-464.757,-303.443,-204.488,-57.710,54.726,154.363,28.425,-46.996,-43.295,-130.616,-85.824,-139.584,196.349,-4.523,-178.555,-146.251,-355.675,-215.359,-247.989,-398.938,-598.042,-697.758,-788.465,-802.232,-876.114,-760.318,-781.354,-430.599,-403.404,-366.716,-406.100,-560.979,-517.229,-517.411,-579.975,-653.414,-528.914,-775.117,-814.011,-710.526,-646.379,-512.414,-387.063,-676.159,-552.309,-598.688,-644.289,-477.006,-580.665,-427.792,-496.956,-537.892,-661.243,-613.362,-362.412,-416.059,-528.947,-319.093,-148.250,-86.427,-97.302,-21.551,-56.503,-16.221,66.469,28.360,108.004,166.977,44.958,133.135,12.862,281.391,263.570,394.745,424.166,314.404
-196.034,-419.334,-573.805,-467.122,-434.457,-682.059,-650.468,-714.258,-557.729,-686.274,-655.585,-608.836,-845.518,-633.836,-565.162,-421.447,-264.366,-104.636,-8.618,-90.114,-356.882,-533.214,-519.756,-550.878,-554.929,-179.265,-358.587,-545.204,-465.008,-580.600,-466.394,-539.426,-672.552,-753.661,-795.685,-904.600,-949.026,-1112.754,-927.106,-879.533,-484.421,-497.346,-439.911,-487.812,-534.510,-675.807,-529.995,-537.259,-722.431,-809.793,-1028.807,-1116.528,-1110.533,-1088.418,-975.298,-819.254,-1026.076,-849.756,-1035.604,-1055.129,-924.824,-949.167,-717.696,-827.196,-790.418,-934.168,-979.824,-667.202,-665.796,-683.203,-467.449,-300.834,-205.343,-117.112,88.058,-23.166,-17.307,10.783,43.796,35.558,43.503,-67.478,-6.541,-97.611,27.239,107.715,264.695,336.909,191.877
-284.090,-246.932,-313.049,-245.318,-267.231,-559.991,-552.177,-543.900,-413.540,-659.476,-805.306,-759.096,-926.531,-626.876,-615.004,-489.818,-317.730,-84.977,-59.054,-115.335,-502.462,-805.155,-675.087,-791.277,-731.544,-348.437,-475.906,-634.255,-577.164,-543.431,-493.136,-583.588,-652.811,-643.057,-641.095,-711.599,-828.244,-1041.175,-859.251,-735.351,-416.557,-468.410,-445.476,-494.078,-400.210,-701.821,-453.833,-389.330,-605.095,-899.720,-982.208,-1114.597,-1254.726,-1274.856,-1215.619,-1094.184,-1164.682,-980.776,-1207.806,-1224.423,-1173.593,-1098.244,-834.365,-953.207,-834.071,-938.908,-1059.114,-776.333,-718.862,-667.219,-507.208,-342.264,-249.592,-104.196,203.046,68.933,33.644,16.455,137.384,27.452,20.170,-98.938,-80.508,-194.127,-256.061,-112.338,15.668,80.494,-43.622
-336.525,-76.811,-42.788,-76.735,-102.126,-405.043,-448.810,-356.225,-254.740,-556.570,-817.360,-838.362,-918.869,-552.477,-521.932,-461.093,-280.616,35.662,-13.087,-53.681,-444.143,-747.767,-534.413,-689.389,-572.081,-239.929,-296.907,-400.178,-411.204,-231.192,-236.877,-312.023,-308.124,-268.135,-255.429,-266.264,-468.260,-689.231,-604.424,-432.563,-277.927,-354.878,-396.710,-418.001,-210.397,-581.415,-320.060,-199.410,-343.529,-761.690,-643.112,-795.087,-1082.246,-1135.504,-1152.908,-1103.083,-1047.349,-880.505,-1037.505,-1066.032,-1098.553,-964.557,-719.781,-826.897,-664.657,-676.188,-836.062,-688.353,-600.089,-550.409,-475.411,-315.325,-243.623,-84.715,246.697,140.735,82.246,27.508,207.153,43.398,66.127,-80.001,-110.872,-254.486,-463.021,-309.286,-244.524,-231.598,-272.953
-386.279,-35.624,64.451,-98.645,-78.179,-340.517,-431.618,-290.165,-200.958,-479.788,-768.117,-907.021,-915.228,-552.181,-437.227,-443.780,-265.224,111.340,37.637,15.333,-271.392,-442.169,-196.880,-310.395,-158.884,60.889,78.804,22.954,-51.216,212.835,196.221,173.293,219.946,231.657,223.627,243.631,-17.169,-213.850,-281.391,-111.309,-138.536,-225.281,-324.183,-287.657,-41.689,-366.768,-176.764,-37.133,-38.384,-453.623,-150.973,-288.533,-664.849,-736.118,-841.309,-850.522,-726.900,-579.404,-600.733,-636.693,-708.913,-597.465,-406.413,-498.491,-360.626,-258.262,-417.965,-472.252,-389.570,-414.863,-407.431,-263.535,-198.003,-48.455,221.101,160.604,109.201,7.626,183.411,50.256,122.666,-48.219,-120.688,-248.024,-503.958,-389.759,-387.140,-437.524,-361.037
-470.411,-185.457,-86.377,-350.774,-262.152,-422.936,-531.338,-400.976,-301.456,-487.833,-731.669,-990.716,-966.208,-692.103,-480.416,-515.203,-348.174,29.074,-5.015,0.406,-136.213,-101.783,143.512,139.186,293.022,364.920,448.322,395.074,303.787,559.192,586.645,641.805,679.131,638.309,596.210,585.993,328.028,178.527,-20.766,98.501,-51.928,-146.375,-265.118,-159.174,36.487,-156.834,-70.334,49.900,194.799,-106.053,284.563,189.888,-179.925,-253.492,-441.737,-456.801,-336.009,-197.260,-89.674,-113.447,-153.115,-138.560,-9.797,-92.693,-42.078,147.806,24.644,-223.670,-177.024,-306.890,-315.396,-203.697,-105.175,41.777,199.676,159.734,139.749,-32.184,76.165,49.432,149.342,-11.569,-105.288,-148.322,-346.713,-300.897,-328.778,-411.954,-228.641
-596.636,-479.929,-449.059,-737.911,-598.508,-602.619,-694.151,-623.406,-502.978,-550.599,-719.211,-1044.827,-1034.550,-906.238,-648.699,-654.428,-509.123,-210.074,-170.782,-129.789,-149.968,62.212,313.101,430.492,556.848,489.216,617.388,505.341,452.008,618.351,724.925,856.122,838.304,765.335,698.808,604.501,425.238,338.757,98.055,136.270,-31.463,-150.425,-246.766,-90.854,-6.994,-49.564,-27.601,50.741,274.550,134.393,480.556,441.056,168.003,102.486,-145.488,-106.686,-37.002,101.654,277.664,284.971,342.140,237.225,315.333,243.871,182.261,395.725,336.665,-22.534,-24.633,-223.053,-192.829,-126.734,40.661,213.267,268.662,202.654,220.971,-37.288,-28.068,78.610,154.255,63.259,-28.825,50.929,-31.316,-55.502,-72.052,-130.997,105.340
-727.073,-779.920,-847.745,-1067.406,-927.962,-748.121,-806.846,-805.147,-677.830,-565.568,-669.431,-976.022,-1015.015,-1032.143,-812.428,-746.477,-636.635,-484.662,-392.566,-316.007,-312.403,-35.968,250.760,436.475,516.855,358.082,503.183,289.615,306.707,350.667,534.199,705.628,615.573,558.889,494.770,306.025,264.953,249.746,80.992,33.818,-48.499,-217.073,-269.699,-109.707,-148.001,-88.296,-45.382,-10.778,186.838,171.263,366.555,374.611,241.379,184.601,-85.910,34.837,44.651,177.991,356.615,396.606,573.556,393.729,438.438,400.091,254.510,416.753,436.351,87.611,44.583,-135.206,-38.704,-21.910,217.863,445.945,457.091,332.422,380.340,53.620,-22.532,183.122,185.286,225.507,148.036,325.135,348.690,275.644,298.910,316.580,532.703
-793.245,-924.720,-1065.217,-1148.771,-1070.506,-724.818,-760.960,-794.617,-698.171,-429.268,-498.772,-711.466,-810.437,-919.245,-802.719,-660.703,-602.037,-629.039,-546.800,-443.561,-518.870,-319.366,24.393,189.060,221.851,36.827,169.683,-138.926,-52.469,-106.707,116.789,272.259,126.696,130.058,101.624,-137.513,-25.437,27.258,6.912,-107.904,-51.441,-280.654,-301.141,-190.041,-313.377,-231.979,-91.398,-89.211,-10.219,4.094,17.634,48.727,34.390,-23.030,-278.397,-97.738,-121.871,-15.781,138.591,189.519,456.314,289.274,310.073,340.377,179.924,235.166,330.598,97.560,35.600,-31.294,120.830,97.623,370.304,664.135,702.858,527.373,591.889,258.516,142.688,373.630,286.941,492.246,425.873,619.077,686.348,596.700,660.915,773.608,907.702
-735.872,-820.593,-962.495,-902.967,-928.498,-482.685,-520.924,-533.944,-514.043,-119.005,-177.816,-270.624,-414.481,-540.460,-535.002,-353.774,-355.681,-545.126,-538.112,-422.065,-638.455,-613.445,-230.351,-158.810,-157.959,-317.851,-220.915,-562.339,-427.598,-515.529,-305.398,-213.672,-378.104,-304.179,-267.465,-479.347,-256.036,-153.001,-23.494,-175.615,4.851,-262.766,-286.455,-260.328,-409.939,-369.358,-116.872,-134.493,-211.340,-268.775,-381.578,-361.113,-323.790,-396.872,-614.949,-433.886,-450.186,-402.398,-249.484,-224.206,65.516,-7.155,-13.141,113.707,13.524,-56.794,91.336,20.613,-36.270,61.081,232.973,189.969,430.151,768.568,879.499,700.096,773.766,521.087,412.051,599.142,453.231,810.855,739.378,859.478,900.881,825.003,905.467,1086.088,1111.109
-545.228,-495.835,-561.647,-417.438,-549.486,-98.911,-155.612,-102.472,-188.688,270.579,220.904,212.655,56.992,-32.050,-85.533,74.063,18.848,-276.631,-371.412,-255.603,-607.927,-764.844,-402.593,-435.386,-439.074,-555.889,-506.630,-787.376,-621.553,-672.456,-521.522,-504.162,-654.797,-540.113,-420.101,-532.800,-285.522,-159.283,51.494,-104.357,133.730,-116.228,-177.419,-239.317,-365.134,-374.403,-77.010,-107.585,-308.222,-493.969,-624.599,-647.299,-630.410,-731.797,-914.807,-794.671,-765.654,-802.157,-606.806,-640.851,-398.921,-346.818,-389.308,-169.983,-167.768,-345.742,-185.905,-115.973,-154.157,87.102,243.877,205.832,358.337,691.861,868.823,742.825,823.200,723.111,639.967,758.022,612.266,1062.638,968.971,975.980,958.195,915.478,975.609,1163.290,1093.193
-275.251,-88.754,-41.071,90.098,-108.741,254.552,188.343,316.977,131.207,565.751,542.299,541.835,413.752,369.979,334.454,415.047,334.193,6.541,-159.706,-52.257,-476.296,-733.843,-467.880,-549.174,-528.670,-617.714,-612.156,-752.101,-554.626,-524.719,-453.612,-473.866,-601.678,-497.946,-292.982,-274.801,-103.287,21.752,218.592,89.437,307.515,142.320,36.107,-83.526,-161.347,-175.929,48.227,7.534,-234.949,-534.686,-579.938,-666.493,-706.476,-838.287,-1007.716,-975.503,-880.336,-1008.243,-752.118,-860.085,-708.962,-567.175,-651.964,-386.432,-294.743,-542.009,-418.581,-273.486,-296.263,4.579,132.736,121.233,174.718,442.547,634.268,593.117,671.940,739.729,667.620,746.715,658.213,1113.626,991.884,923.332,867.112,863.515,872.219,999.856,878.614
-19.783,226.330,357.946,384.118,182.272,403.290,359.707,532.363,294.367,608.994,630.112,559.910,494.835,462.852,496.811,468.846,401.762,109.322,-57.109,39.012,-369.002,-602.926,-482.546,-524.932,-462.187,-553.646,-572.863,-546.328,-306.161,-195.292,-194.503,-186.014,-309.946,-258.587,13.369,142.734,167.155,282.706,398.627,319.330,468.895,431.468,310.706,181.829,153.099,196.949,242.315,197.285,4.110,-336.375,-250.024,-400.610,-482.615,-632.384,-811.869,-846.043,-683.572,-884.354,-605.890,-777.799,-719.212,-564.482,-685.014,-448.505,-328.065,-605.580,-556.535,-405.293,-429.588,-178.163,-69.775,-42.421,-46.052,107.657,248.388,278.923,330.963,509.667,418.724,520.281,513.813,887.217,747.460,696.996,660.367,692.139,635.654,658.175,539.479
136.725,333.024,461.771,338.517,190.535,269.418,282.234,444.641,227.424,354.824,421.958,242.925,265.647,199.021,295.319,168.541,147.811,-63.082,-157.355,-73.615,-396.215,-502.552,-522.071,-461.243,-357.245,-471.814,-487.948,-337.913,-55.700,98.221,60.718,155.421,1.396,-4.957,297.308,481.917,346.335,464.969,495.225,478.018,558.166,641.000,563.607,469.608,483.225,621.572,456.248,420.062,336.194,46.415,235.895,45.029,-30.693,-174.202,-370.757,-417.317,-203.700,-436.877,-223.552,-431.736,-434.979,-339.526,-476.406,-341.306,-268.080,-548.105,-584.587,-468.759,-512.762,-395.112,-292.786,-226.280,-214.316,-190.573,-143.602,-87.030,-103.120,79.576,-44.040,127.650,183.828,415.711,278.965,336.480,375.880,436.220,320.303,230.128,158.148
164.641,232.185,257.017,5.289,-67.091,-82.264,-4.627,99.910,-26.939,-94.560,-3.347,-274.396,-153.871,-279.416,-182.804,-363.342,-329.898,-435.777,-424.391,-356.236,-568.683,-510.247,-611.740,-445.442,-320.099,-453.405,-439.469,-255.881,38.104,181.377,145.227,336.844,125.940,95.743,380.809,557.211,311.542,457.327,454.415,497.168,543.809,689.093,713.203,674.929,729.208,940.737,628.656,618.332,651.937,476.824,689.755,501.561,474.792,364.176,168.178,160.349,395.248,179.260,235.406,22.857,-1.947,6.430,-122.475,-124.880,-150.402,-416.106,-515.457,-443.602,-511.488,-553.663,-459.920,-365.360,-276.712,-358.512,-402.230,-363.299,-487.044,-406.936,-540.214,-303.466,-237.116,-163.257,-275.480,-85.196,49.331,133.676,-22.193,-197.438,-199.073
102.569,32.517,-108.541,-416.449,-437.337,-479.737,-367.375,-337.697,-337.666,-539.551,-460.252,-761.817,-551.753,-717.878,-700.660,-870.316,-804.830,-798.920,-704.177,-658.631,-780.340,-594.133,-700.024,-486.371,-368.763,-493.281,-433.298,-306.663,-57.281,32.059,29.090,267.681,-1.231,-4.121,220.819,341.973,75.110,264.159,299.750,384.978,441.313,570.169,724.532,732.810,830.714,1043.534,713.610,739.586,853.597,803.562,957.751,821.159,845.584,784.937,622.853,670.278,887.276,730.467,587.369,395.355,376.655,324.931,221.616,98.209,-28.335,-265.513,-379.536,-344.817,-417.769,-584.797,-525.092,-421.993,-244.763,-376.274,-466.256,-454.757,-696.624,-774.471,-863.264,-627.683,-610.772,-667.906,-742.289,-482.734,-281.890,-175.232,-346.751,-559.469,-489.188
30.106,-120.454,-416.240,-694.010,-720.313,-740.157,-649.597,-675.443,-560.949,-791.920,-755.617,-1012.550,-742.152,-893.084,-1006.347,-1101.513,-1043.334,-929.642,-815.104,-800.452,-872.033,-638.345,-692.556,-509.263,-422.609,-504.936,-400.260,-375.948,-226.895,-207.017,-163.601,32.443,-265.841,-206.807,-62.319,-19.591,-220.322,2.751,121.592,220.617,309.525,364.203,631.635,654.855,791.329,922.940,702.126,758.325,897.515,934.910,990.339,942.354,972.405,960.272,860.083,936.734,1095.079,1018.201,714.266,557.082,549.686,496.580,421.302,236.009,52.349,-138.120,-214.161,-217.613,-258.410,-479.847,-487.137,-399.164,-180.511,-296.913,-376.191,-362.755,-684.760,-902.053,-892.260,-755.990,-829.103,-958.905,-992.219,-783.486,-572.777,-447.029,-612.673,-813.561,-687.117
16.737,-133.004,-503.337,-690.954,-781.558,-769.085,-750.981,-791.093,-617.734,-777.102,-793.253,-949.400,-667.707,-736.734,-976.025,-953.110,-934.358,-727.403,-661.817,-681.722,-735.351,-529.931,-521.026,-412.761,-362.592,-384.930,-253.711,-312.167,-284.858,-320.376,-239.752,-168.780,-450.618,-336.531,-258.912,-301.227,-387.406,-167.539,26.244,108.839,224.154,197.863,519.791,521.251,670.394,676.524,625.099,687.666,809.940,879.382,853.956,904.521,872.860,887.888,852.016,909.592,979.631,977.095,617.840,502.349,493.623,490.136,429.979,254.188,75.787,-48.238,-53.141,-113.043,-84.386,-290.660,-376.841,-326.792,-148.409,-202.517,-237.700,-180.963,-500.836,-783.234,-658.768,-699.954,-870.480,-1002.865,-997.920,-947.577,-773.692,-639.998,-785.481,-936.414,-780.063
78.831,-15.695,-350.821,-437.194,-619.964,-603.134,-669.052,-685.187,-527.364,-567.556,-619.552,-655.655,-423.016,-364.634,-676.688,-524.832,-548.747,-277.682,-298.883,-346.684,-387.239,-244.626,-197.128,-146.327,-119.741,-92.328,38.110,-35.049,-99.620,-158.743,-69.038,-152.017,-376.694,-256.122,-201.724,-329.679,-308.265,-140.493,74.719,120.751,240.114,175.739,474.705,431.162,546.998,448.732,534.733,572.320,667.668,731.025,680.938,808.234,669.833,678.120,677.422,680.117,657.556,702.617,410.334,340.427,312.301,371.811,306.923,190.830,63.457,16.022,81.372,-58.271,53.754,-95.069,-229.848,-234.150,-167.273,-148.385,-151.725,-40.004,-261.906,-526.285,-328.949,-559.792,-803.520,-877.435,-838.460,-976.427,-845.838,-726.544,-846.460,-925.220,-769.018
171.648,130.732,-81.939,-99.721,-353.491,-372.468,-482.371,-459.903,-379.994,-327.118,-382.341,-313.424,-184.983,4.456,-310.569,-55.393,-91.240,198.028,99.365,41.865,35.496,129.037,186.930,245.613,267.679,310.808,415.622,402.139,313.233,262.405,323.518,131.075,-20.631,41.891,126.689,-83.977,-6.843,75.230,247.701,254.987,361.854,319.915,528.180,441.138,476.433,347.803,474.071,464.503,553.133,608.127,587.639,747.198,513.738,481.773,468.385,419.290,333.068,390.635,246.137,223.395,162.885,258.920,175.028,128.969,60.003,77.892,180.877,-42.321,128.583,47.452,-67.961,-131.410,-197.712,-133.551,-157.442,-34.395,-92.439,-294.216,-110.416,-463.209,-737.006,-717.287,-649.869,-907.149,-782.080,-706.714,-804.060,-803.384,-674.427
221.086,184.941,123.471,125.280,-135.792,-210.054,-290.095,-242.890,-268.738,-202.013,-230.135,-88.729,-94.717,187.595,-78.450,224.205,225.776,476.686,346.346,303.039,359.430,443.960,511.622,641.939,665.994,685.626,752.904,836.684,791.248,766.619,764.991,561.285,466.775,427.973,579.417,300.017,365.349,364.380,457.917,441.855,538.730,554.574,635.298,530.165,463.828,386.227,452.277,395.320,508.056,581.050,607.679,751.595,493.161,400.562,332.344,274.240,180.333,221.598,231.036,251.118,153.300,244.134,142.229,140.973,102.612,150.843,244.386,-29.477,141.719,120.259,97.357,-15.006,-176.303,-116.586,-222.747,-174.760,-65.593,-218.249,-137.562,-491.303,-748.547,-634.925,-550.654,-795.565,-619.358,-613.062,-696.552,-621.592,-536.710
174.800,85.140,142.946,131.230,-58.691,-167.251,-148.529,-106.509,-226.805,-227.951,-217.056,-34.943,-166.765,146.606,-50.839,228.629,308.712,469.002,360.087,348.895,480.718,588.721,699.457,911.862,918.850,892.954,927.954,1090.334,1119.237,1119.924,1038.165,926.097,851.204,716.082,933.694,619.513,621.152,576.681,602.627,587.698,690.221,747.940,700.884,614.487,469.633,480.240,441.139,358.685,511.700,631.834,677.970,774.568,584.982,431.494,293.308,283.213,243.222,255.814,359.440,408.561,273.326,335.233,232.895,237.369,190.940,223.039,267.795,7.303,110.492,140.840,245.373,108.820,-73.535,-62.898,-283.283,-391.235,-175.919,-332.598,-401.034,-635.058,-837.552,-663.276,-583.679,-694.555,-431.317,-500.632,-579.514,-445.791,-405.105
40.226,-130.213,-17.091,-41.425,-101.811,-189.413,-44.676,-32.778,-210.002,-312.478,-274.764,-73.715,-284.208,0.183,-130.421,61.308,230.670,269.902,213.006,233.529,423.461,555.715,752.013,985.252,933.814,870.822,891.827,1072.112,1157.471,1168.544,1014.865,1050.688,956.799,779.290,1026.919,730.343,650.002,616.387,624.276,632.333,749.127,789.604,642.066,604.041,442.475,508.353,395.908,318.602,496.868,669.919,684.405,727.948,672.526,476.774,285.590,359.278,412.153,401.883,516.265,573.031,401.567,447.828,371.063,352.927,277.873,258.198,237.578,57.393,47.742,130.749,332.116,204.863,67.623,13.739,-298.149,-581.691,-353.781,-564.588,-759.632,-806.460,-931.154,-750.975,-704.006,-635.594,-300.237,-424.434,-501.921,-333.017,-317.906
-114.476,-345.069,-233.578,-241.181,-158.244,-164.715,79.160,57.158,-134.575,-303.628,-268.866,-62.805,-283.006,-65.596,-129.611,-63.925,171.128,91.198,80.052,107.414,311.141,435.558,729.776,880.993,728.547,663.764,691.515,825.041,922.120,924.613,733.047,900.992,769.096,625.344,853.532,628.429,480.499,494.514,541.915,583.946,699.033,657.853,448.463,464.838,358.039,392.556,288.183,236.459,395.135,594.739,539.284,544.729,620.928,412.510,203.500,352.485,493.861,478.227,544.737,588.693,384.732,457.822,427.341,382.332,291.492,215.662,136.948,72.452,-47.346,91.303,301.986,216.272,146.016,49.780,-280.533,-671.607,-508.120,-781.410,-1023.654,-894.669,-936.723,-807.193,-814.296,-619.458,-279.806,-414.803,-483.372,-306.695,-285.567
-197.253,-435.712,-350.273,-307.834,-115.446,-11.058,269.620,232.351,55.883,-100.365,-101.796,95.080,-70.990,71.179,88.215,27.783,286.205,118.335,116.756,106.632,270.814,342.129,691.337,678.583,410.176,386.926,433.013,489.830,567.134,547.771,367.997,594.005,434.421,383.598,560.494,437.254,254.642,312.774,433.715,509.084,583.384,434.702,199.233,246.165,238.537,151.376,129.771,101.473,184.918,366.794,243.685,230.287,365.269,174.682,-22.587,152.910,334.428,331.899,343.291,365.697,141.312,283.717,302.637,247.331,179.517,80.461,-35.813,0.782,-178.242,6.289,125.269,101.115,67.511,-23.416,-281.049,-647.914,-570.635,-863.095,-1057.951,-831.059,-804.600,-763.036,-822.844,-618.426,-367.322,-463.287,-505.851,-346.459,-288.279
-144.224,-343.349,-276.263,-173.857,64.223,258.635,515.206,489.428,339.559,267.098,206.798,374.298,296.419,379.811,497.630,347.846,592.956,382.386,346.182,250.922,335.972,322.036,638.318,457.217,105.163,150.789,211.042,212.753,280.713,237.587,116.929,312.007,158.410,213.158,344.412,312.735,130.808,191.456,381.346,483.189,478.453,256.183,20.943,52.711,139.307,-109.078,-29.189,-55.908,-87.117,42.372,-103.511,-129.063,-41.134,-189.951,-369.909,-228.616,-77.771,-56.898,-64.051,-54.779,-274.198,-51.305,-1.868,-44.723,-49.312,-114.842,-248.315,-164.782,-328.141,-129.908,-161.970,-124.075,-178.875,-217.823,-336.796,-548.897,-518.183,-759.469,-845.186,-624.006,-559.697,-609.687,-689.714,-588.526,-500.882,-526.716,-525.313,-400.198,-290.664
44.178,-105.218,-37.199,98.957,316.626,537.202,740.863,740.900,616.253,640.439,517.058,630.852,635.026,688.202,905.733,725.412,943.352,730.246,630.698,420.533,416.250,314.551,509.236,247.011,-112.698,-2.804,53.596,59.608,164.806,108.365,72.737,180.052,71.258,194.202,317.641,330.377,177.682,188.523,411.532,532.721,443.990,225.318,7.919,-22.881,110.142,-261.227,-128.711,-178.027,-326.072,-251.784,-356.946,-406.780,-448.111,-540.148,-722.410,-652.956,-592.580,-549.255,-526.717,-509.928,-687.729,-417.823,-372.568,-389.306,-314.899,-293.583,-431.137,-360.838,-446.072,-282.889,-448.734,-367.890,-487.892,-455.772,-425.438,-422.581,-367.105,-502.656,-478.025,-345.662,-283.013,-392.717,-438.122,-487.721,-585.433,-547.830,-496.676,-412.463,-264.516
303.476,172.052,249.528,367.352,518.915,689.829,848.749,863.214,759.843,820.387,648.032,688.088,736.437,786.337,1060.315,908.023,1107.486,914.636,751.297,431.090,357.830,193.889,230.570,25.620,-250.699,-111.974,-81.910,-9.289,176.547,127.479,169.670,188.835,147.989,275.614,432.026,430.629,327.213,261.972,472.948,607.091,480.590,340.652,153.823,35.482,156.216,-238.072,-137.276,-214.229,-440.459,-390.810,-407.363,-503.711,-688.764,-716.027,-928.558,-925.427,-976.462,-918.965,-840.436,-796.692,-895.923,-644.106,-639.190,-632.261,-498.581,-367.689,-501.091,-474.689,-460.179,-376.418,-589.053,-496.221,-679.395,-596.789,-462.324,-286.515,-151.235,-175.733,-93.763,-84.109,-58.435,-172.994,-131.904,-294.621,-536.962,-482.642,-398.118,-352.956,-204.724
539.845,376.689,454.337,503.574,572.040,641.864,778.574,773.982,691.347,684.858,489.768,449.743,494.468,556.468,805.846,719.520,916.241,749.426,547.349,160.399,56.635,-132.127,-209.402,-240.926,-368.348,-248.936,-260.377,-90.994,169.356,155.056,236.352,213.289,235.166,314.684,512.241,459.758,417.489,299.375,465.352,601.690,521.640,487.141,340.836,148.936,225.526,-78.817,-75.201,-154.046,-395.705,-327.935,-246.928,-403.967,-672.360,-630.815,-885.716,-907.030,-1044.110,-980.248,-855.537,-780.374,-778.960,-610.544,-667.378,-652.332,-504.873,-285.159,-403.918,-407.853,-317.719,-328.798,-477.518,-403.130,-598.443,-516.433,-349.600,-119.051,97.094,136.553,202.523,105.399,77.284,13.886,160.439,-21.961,-324.478,-321.802,-241.692,-228.823,-128.231
677.543,451.995,514.914,475.814,466.542,428.830,547.733,488.392,427.143,264.950,76.869,-31.524,-25.362,48.561,189.135,175.994,374.765,233.241,28.432,-355.613,-451.679,-634.946,-718.778,-546.927,-516.527,-451.630,-504.565,-255.902,5.315,55.265,120.616,112.323,165.039,182.838,378.983,280.099,299.323,195.347,304.918,421.765,468.888,500.274,400.045,186.965,234.422,92.292,-6.138,-37.357,-237.136,-127.134,22.117,-186.342,-435.773,-324.292,-601.642,-597.972,-765.585,-696.333,-560.262,-468.956,-370.476,-319.492,-433.922,-431.009,-317.589,-65.308,-153.224,-145.095,-29.120,-108.734,-118.416,-80.793,-216.724,-191.511,-48.744,111.562,350.618,382.980,379.246,219.424,147.497,170.032,390.890,280.358,10.455,-96.630,-66.005,-75.140,-57.986
692.122,417.023,464.611,360.142,287.675,174.814,244.699,117.712,72.328,-268.373,-424.283,-574.414,-617.044,-544.850,-553.588,-513.691,-325.384,-437.274,-615.261,-923.867,-988.829,-1153.957,-1129.310,-826.877,-689.970,-682.633,-761.937,-487.912,-337.074,-197.882,-197.312,-159.716,-119.777,-133.947,-18.197,-123.415,-60.455,-73.087,-14.349,49.697,254.252,269.042,212.145,48.870,118.697,142.465,0.508,66.600,-67.154,70.111,242.077,16.406,-122.981,54.618,-195.830,-142.863,-285.115,-204.079,-91.247,-10.744,156.031,101.564,-40.150,-66.885,-15.450,202.182,161.275,217.887,315.860,227.168,357.355,357.728,329.826,264.582,372.354,402.239,577.807,549.721,465.639,287.809,205.032,313.201,534.815,535.953,366.809,132.159,82.940,68.146,-4.618
613.611,340.231,395.817,279.424,157.239,13.305,-20.267,-190.529,-236.586,-698.599,-807.759,-966.815,-1047.233,-996.913,-1122.856,-1064.080,-905.679,-974.997,-1114.584,-1297.159,-1326.545,-1476.783,-1284.249,-985.518,-826.583,-845.899,-928.781,-690.524,-733.313,-493.234,-579.965,-507.439,-515.347,-509.662,-547.670,-613.090,-544.874,-422.153,-402.915,-426.972,-107.845,-183.443,-210.871,-266.188,-120.117,15.088,-85.979,99.538,11.418,126.235,286.952,88.350,95.861,327.323,161.649,246.500,159.611,260.122,335.974,383.204,576.248,466.675,344.084,276.288,265.712,399.173,408.676,513.701,579.165,546.746,746.623,724.826,798.007,646.415,754.609,689.463,734.778,639.683,504.144,336.241,282.500,440.947,578.780,665.692,624.853,297.686,171.244,176.809,39.991
502.848,288.954,388.359,313.780,152.210,3.259,-175.415,-334.198,-404.302,-881.021,-942.608,-1081.705,-1181.168,-1169.717,-1319.644,-1274.521,-1153.101,-1165.957,-1274.786,-1318.198,-1320.067,-1465.058,-1134.766,-960.030,-852.782,-851.234,-917.486,-754.154,-983.922,-653.789,-815.079,-748.185,-815.187,-748.876,-961.860,-968.940,-945.144,-704.686,-716.026,-848.133,-511.240,-693.486,-715.460,-645.868,-403.584,-231.134,-234.855,48.618,-47.114,-10.978,131.749,-8.222,118.734,381.678,339.114,405.657,369.189,489.099,538.082,547.779,728.384,629.634,571.868,458.548,404.956,441.745,481.576,593.422,642.826,705.659,875.604,853.724,962.725,762.352,924.035,866.787,772.187,650.136,507.681,360.147,361.300,512.805,511.012,618.209,696.681,352.412,187.556,247.971,92.200
418.427,290.257,454.391,445.091,255.507,96.534,-220.648,-309.951,-420.903,-812.393,-838.979,-940.992,-1045.688,-1078.029,-1147.744,-1136.737,-1034.383,-989.445,-1086.306,-1014.989,-998.610,-1145.710,-781.618,-770.917,-741.176,-682.186,-721.414,-637.177,-941.870,-559.838,-753.269,-731.448,-842.233,-710.562,-1045.257,-1018.574,-1077.328,-794.916,-830.792,-1059.814,-802.521,-1034.542,-1079.982,-920.195,-611.400,-455.146,-369.420,-47.359,-207.356,-276.760,-136.521,-215.279,-35.361,229.307,308.616,302.252,286.983,412.500,454.797,443.110,587.501,556.854,591.890,437.159,361.106,328.149,355.776,416.102,477.779,628.128,692.828,689.586,740.254,542.526,787.704,840.327,658.724,569.226,453.269,329.745,383.216,469.270,327.556,395.779,563.901,286.073,142.127,289.976,157.321
393.280,326.798,536.699,573.312,372.152,178.402,-213.893,-206.172,-352.750,-613.724,-626.676,-690.398,-794.507,-859.123,-794.859,-824.385,-704.397,-622.204,-724.436,-586.388,-553.653,-705.751,-429.275,-522.858,-538.236,-418.721,-431.114,-403.256,-613.717,-240.879,-411.111,-444.779,-568.161,-404.992,-751.846,-745.120,-887.082,-662.186,-715.183,-995.540,-858.494,-1038.994,-1133.916,-956.036,-646.147,-520.494,-413.882,-125.146,-377.414,-528.265,-372.653,-415.168,-245.203,-8.567,150.265,42.533,16.026,121.880,169.874,162.715,262.692,333.922,461.178,281.030,191.738,142.091,108.503,81.139,170.034,355.739,298.145,321.456,236.558,84.167,392.226,589.762,407.889,394.320,313.694,221.688,297.436,278.201,51.317,62.907,285.509,129.523,58.790,307.077,217.216
429.795,364.647,558.189,592.215,399.361,153.489,-222.150,-141.258,-289.252,-441.939,-463.075,-503.861,-602.361,-674.164,-507.879,-574.814,-406.028,-326.219,-438.535,-284.787,-229.550,-388.419,-274.154,-349.413,-340.774,-195.501,-186.931,-187.042,-167.069,127.983,29.369,-33.921,-140.803,1.694,-243.092,-303.409,-479.591,-388.017,-447.457,-713.229,-654.616,-695.490,-855.297,-735.598,-491.822,-383.643,-343.957,-141.304,-467.777,-632.053,-460.472,-499.933,-365.732,-177.595,-5.382,-201.438,-257.665,-197.039,-146.464,-129.244,-75.095,105.171,294.890,118.909,14.639,6.383,-119.660,-221.226,-117.184,31.115,-111.493,-66.386,-309.308,-395.583,-92.516,195.316,88.281,155.805,99.764,52.183,109.351,-23.919,-253.265,-270.170,-27.465,-56.853,-33.881,292.347,236.279
509.198,387.784,484.282,470.730,302.078,18.230,-271.451,-186.738,-281.643,-389.429,-431.447,-478.507,-557.502,-607.487,-442.302,-539.860,-324.550,-290.887,-400.355,-267.599,-182.843,-352.051,-392.213,-334.242,-236.154,-120.347,-96.077,-109.450,163.487,327.306,327.336,279.655,200.932,282.254,201.277,68.348,-57.859,-116.669,-173.563,-365.224,-284.916,-164.774,-388.895,-372.027,-231.292,-128.648,-209.335,-105.450,-449.029,-547.879,-382.488,-434.807,-318.933,-183.573,-60.913,-297.710,-384.695,-379.726,-337.387,-291.654,-288.241,-14.531,188.711,55.224,-64.694,12.071,-200.609,-315.889,-228.703,-177.589,-349.074,-296.202,-654.235,-674.239,-457.570,-190.208,-194.780,-76.525,-122.376,-115.649,-105.557,-329.255,-488.555,-486.263,-258.950,-205.922,-108.744,234.808,184.057
603.893,411.427,351.878,281.680,141.154,-130.961,-329.681,-323.261,-313.300,-435.093,-494.938,-584.627,-619.578,-627.142,-578.833,-699.502,-485.217,-526.467,-605.795,-508.986,-396.749,-578.750,-694.963,-459.751,-247.185,-206.121,-167.807,-198.969,214.290,229.376,329.355,332.858,272.191,284.941,347.013,188.086,191.835,29.079,-27.171,-117.875,80.106,297.663,27.424,-51.707,-9.630,75.165,-111.776,-80.335,-372.785,-357.441,-231.271,-280.165,-143.194,-47.805,-10.768,-229.138,-339.994,-374.493,-342.893,-276.808,-335.495,-1.693,164.195,107.187,-14.770,164.696,-89.281,-143.052,-102.695,-167.849,-334.476,-291.096,-676.753,-639.809,-559.504,-412.106,-341.101,-216.055,-256.078,-199.456,-236.454,-504.251,-559.700,-507.828,-335.113,-269.253,-144.275,134.933,59.766
684.350,464.249,243.473,155.433,33.064,-161.901,-333.314,-455.995,-319.309,-474.713,-533.630,-698.329,-665.135,-626.904,-755.030,-889.730,-753.436,-871.193,-889.334,-825.318,-702.450,-890.204,-982.890,-618.476,-320.276,-362.598,-310.493,-372.752,-12.097,-118.647,62.103,120.649,55.227,25.902,142.881,34.262,197.897,14.220,-59.352,-66.541,276.339,470.718,187.586,64.257,39.171,69.426,-149.291,-146.618,-341.824,-218.973,-155.784,-159.439,28.083,107.340,59.880,-93.553,-226.369,-257.501,-220.635,-140.967,-271.858,75.540,169.732,202.317,108.870,380.741,153.153,208.536,194.563,44.855,-124.742,-105.622,-426.917,-340.977,-386.002,-388.358,-299.896,-201.235,-227.457,-144.424,-200.784,-460.583,-422.330,-330.466,-250.828,-235.032,-129.011,15.294,-99.137
720.616,554.241,224.980,188.024,66.844,-2.122,-239.105,-478.441,-240.465,-406.395,-437.399,-691.873,-585.676,-516.009,-785.956,-922.109,-931.861,-1102.129,-1038.295,-996.145,-891.289,-1061.088,-1065.537,-682.211,-365.975,-456.222,-394.437,-491.811,-353.874,-519.736,-287.823,-203.650,-292.043,-321.932,-253.380,-249.583,28.090,-100.119,-218.598,-193.933,225.123,277.814,23.256,-76.498,-136.763,-199.217,-358.055,-352.129,-445.859,-272.902,-273.354,-190.235,46.120,133.501,34.259,-32.696,-195.667,-167.897,-96.941,3.960,-194.374,114.436,131.896,235.996,206.168,537.649,398.073,556.295,506.550,344.272,137.131,123.192,-75.835,54.945,-47.625,-146.333,-92.127,-31.291,-31.769,41.549,3.928,-208.508,-113.716,-26.127,-64.306,-130.557,-66.381,-84.019,-232.403
684.937,646.452,292.625,366.225,234.345,298.460,-64.638,-343.819,-74.625,-211.852,-191.319,-521.596,-370.440,-293.132,-592.606,-714.742,-889.324,-1075.959,-931.265,-902.791,-845.046,-958.947,-875.558,-585.364,-324.474,-399.930,-340.151,-454.604,-593.798,-746.238,-493.895,-428.177,-537.641,-537.280,-576.399,-451.917,-168.829,-208.274,-390.783,-393.137,-33.732,-181.186,-367.542,-395.085,-477.075,-642.457,-686.295,-675.504,-700.595,-553.605,-597.320,-415.866,-161.669,-52.061,-155.725,-136.120,-340.433,-208.934,-82.009,63.238,-173.491,52.353,18.958,149.491,201.930,547.714,526.940,732.946,675.704,587.370,318.549,269.682,197.724,366.420,294.032,197.640,201.545,228.394,259.092,288.440,294.490,142.593,255.267,287.768,135.911,-7.535,23.415,-124.518,-288.207
560.783,673.265,368.957,563.192,423.258,582.603,111.368,-99.185,109.924,21.489,104.013,-257.211,-118.358,-54.017,-254.678,-349.010,-639.561,-810.365,-611.514,-596.913,-601.652,-622.787,-506.883,-368.041,-210.211,-213.302,-173.230,-266.450,-592.904,-678.239,-432.195,-417.900,-522.233,-487.908,-617.838,-429.738,-263.236,-235.229,-472.135,-537.831,-370.740,-690.395,-781.813,-729.345,-836.649,-1072.650,-1016.160,-1026.263,-1026.818,-959.611,-1020.907,-774.081,-541.123,-411.111,-477.214,-379.739,-625.575,-379.048,-201.917,12.137,-213.117,-89.673,-128.345,-24.389,96.336,410.628,499.927,682.383,631.177,686.978,375.185,295.580,309.478,497.798,514.636,501.396,479.788,477.011,534.200,501.178,547.417,440.172,548.276,500.028,274.363,83.624,108.740,-90.928,-250.406
